,Da 0,Da 32,Da 64,Da 96,Da 128,Da 160,Da 192,Da 224,Da 255
Verso 0,0.00,5.32,5.04,4.33,4.38,4.10,4.15,1.37,1.41
Verso 32,11.12,0.00,6.27,5.98,5.75,5.61,5.56,2.87,3.20
Verso 64,18.80,18.42,0.00,17.29,9.94,9.52,8.95,4.90,6.55
Verso 96,20.16,19.36,19.03,0.00,17.24,17.34,17.29,17.24,17.05
Verso 128,20.96,20.40,20.16,20.73,0.00,17.76,18.32,17.52,17.67
Verso 160,21.62,20.87,20.44,20.44,21.58,0.00,18.65,17.81,18.47
Verso 192,22.05,21.34,21.15,21.10,21.34,21.76,0.00,18.32,18.47
Verso 224,20.54,20.54,19.74,19.88,18.75,19.08,19.08,0.00,19.17
Verso 255,19.97,19.36,19.27,19.27,19.31,19.36,19.69,19.31,0.00
