0.00	1345831
0.48	11
0.95	898459
1.43	5328
1.90	236996
2.38	30737
2.86	15663
3.33	53702
3.81	7750
4.28	56549
4.76	2703
5.24	44641
5.71	2926
6.19	24101
6.66	3392
7.14	4056
7.62	4238
8.09	2882
8.57	5633
9.04	1737
9.52	3312
9.99	4113
10.47	735
10.95	2571
11.42	615
11.90	2032
12.37	1158
12.85	1678
13.33	843
13.80	1198
14.28	700
14.75	736
15.23	698
15.71	217
16.18	311
16.66	17
17.13	201
17.61	225
18.09	274
18.56	419
19.04	99
19.51	288
19.99	85
20.47	42
20.94	194
21.42	111
21.89	142
22.37	136
22.85	76
23.32	82
23.80	118
24.27	38
24.75	141
25.23	101
25.70	12
26.18	148
26.65	123
27.13	61
27.61	118
28.08	36
28.56	39
29.03	61
29.51	5
29.98	24
30.46	41
30.94	22
31.41	92
31.89	46
32.36	138
32.84	71
33.32	163
33.79	75
34.27	95
34.74	32
35.22	51
35.70	9
36.17	107
36.65	19
37.12	34
37.60	24
38.08	21
38.55	41
39.03	11
39.50	57
39.98	2
40.46	72
40.93	8
41.41	86
41.88	19
42.36	66
42.84	6
43.31	26
43.79	28
44.26	16
44.74	20
45.22	8
45.69	21
46.17	27
46.64	25
47.12	70
47.60	10
48.07	83
48.55	6
49.02	24
49.50	97
49.97	79
50.45	131
50.93	102
51.40	49
51.88	23
52.35	28
52.83	20
53.31	20
53.78	0
54.26	45
54.73	14
55.21	88
55.69	16
56.16	75
56.64	14
57.11	49
57.59	6
58.07	31
58.54	5
59.02	21
59.49	19
59.97	29
60.45	32
60.92	56
61.40	31
61.87	96
62.35	17
62.83	86
63.30	9
63.78	10
64.25	45
64.73	71
65.21	72
65.68	28
66.16	30
66.63	5
67.11	10
67.59	12
68.06	0
68.54	17
69.01	30
69.49	9
69.96	46
70.44	21
70.92	33
71.39	7
71.87	23
72.34	18
72.82	57
73.30	54
73.77	97
74.25	51
74.72	90
75.20	15
75.68	72
76.15	13
76.63	75
77.10	16
77.58	58
78.06	66
78.53	2
79.01	181
79.48	50
79.96	229
80.44	37
80.91	198
81.39	6
81.86	109
82.34	9
82.82	40
83.29	28
83.77	27
84.24	30
84.72	22
85.20	28
85.67	5
86.15	25
86.62	19
87.10	0
87.58	24
88.05	40
88.53	7
89.00	92
89.48	53
89.95	123
90.43	81
90.91	94
91.38	62
91.86	0
92.33	0
92.81	184
93.29	30
93.76	308
94.24	12
94.71	189
95.19	10
95.67	15
96.14	26
96.62	10
97.09	11
97.57	34
98.05	7
98.52	75
99.00	17
99.47	99
99.95	35
100.43	93
100.90	24
101.38	90
101.85	5
102.33	63
102.81	45
103.28	39
103.76	117
104.23	131
104.71	179
105.19	54
105.66	215
106.14	200
106.61	42
107.09	433
107.57	106
108.04	588
108.52	264
108.99	711
109.47	726
109.94	676
110.42	501
110.90	456
111.37	33
111.85	302
112.32	146
112.80	406
113.28	462
113.75	877
114.23	1834
114.70	479
115.18	1135
115.66	531
116.13	11041
116.61	4771
117.08	23754
117.56	6983
118.04	32121
118.51	10015
118.99	30628
119.46	19864
119.94	24166
120.42	8042
120.89	46851
121.37	81038
121.84	91508
122.32	174202
122.80	75109
123.27	135478
123.75	5446
124.22	40239
124.70	30539
125.18	11443
125.65	28118
126.13	19420
126.60	20859
127.08	19603
127.56	13776
128.03	11404
128.51	4903
128.98	3116
129.46	573
129.93	620
130.41	47
130.89	781
131.36	712
131.84	105
132.31	83
132.79	211
133.27	252
133.74	355
134.22	114
134.69	801
135.17	108
135.65	1035
136.12	308
136.60	1091
137.07	52
137.55	728
138.03	208
138.50	60
138.98	0
139.45	248
139.93	241
140.41	137
140.88	192
141.36	75
141.83	32
142.31	64
142.79	76
143.26	6
143.74	88
144.21	35
144.69	60
145.17	2
145.64	26
146.12	0
146.59	10
147.07	40
147.55	9
148.02	49
148.50	20
148.97	3
149.45	125
149.92	79
150.40	270
150.88	142
151.35	235
151.83	106
152.30	13
152.78	48
153.26	141
153.73	66
154.21	161
154.68	103
155.16	114
155.64	104
156.11	49
156.59	66
157.06	5
157.54	4
158.02	13
158.49	48
158.97	16
159.44	25
159.92	12
160.40	24
160.87	1
161.35	62
161.82	12
162.30	75
162.78	10
163.25	69
163.73	17
164.20	105
164.68	36
165.16	182
165.63	47
166.11	162
166.58	59
167.06	25
167.54	66
168.01	58
168.49	62
168.96	69
169.44	71
169.91	84
170.39	72
170.87	87
171.34	11
171.82	57
172.29	56
172.77	43
173.25	58
173.72	52
174.20	21
174.67	38
175.15	6
175.63	0
176.10	5
176.58	15
177.05	12
177.53	2
178.01	16
178.48	21
178.96	90
179.43	11
179.91	83
180.39	12
180.86	17
181.34	54
181.81	65
182.29	88
182.77	39
183.24	82
183.72	12
184.19	77
184.67	4
185.15	69
185.62	32
186.10	15
186.57	78
187.05	43
187.53	77
188.00	42
188.48	38
188.95	13
189.43	9
189.90	5
190.38	3
190.86	7
191.33	9
191.81	2
192.28	1
192.76	16
193.24	22
193.71	56
194.19	2
194.66	55
195.14	70
195.62	2
196.09	107
196.57	41
197.04	92
197.52	42
198.00	85
198.47	22
198.95	63
199.42	8
199.90	16
200.38	12
200.85	72
201.33	78
201.80	31
202.28	90
202.76	26
203.23	47
203.71	18
204.18	10
204.66	16
205.14	6
205.61	24
206.09	3
206.56	3
207.04	5
207.52	45
207.99	27
208.47	58
208.94	34
209.42	31
209.89	35
210.37	18
210.85	109
211.32	29
211.80	125
212.27	25
212.75	116
213.23	4
213.70	99
214.18	66
214.65	27
215.13	161
215.61	57
216.08	138
216.56	57
217.03	27
217.51	14
217.99	22
218.46	5
218.94	8
219.41	3
219.89	15
220.37	5
220.84	16
221.32	12
221.79	13
222.27	26
222.75	12
223.22	24
223.70	48
224.17	1
224.65	82
225.13	1
225.60	62
226.08	32
226.55	64
227.03	84
227.51	125
227.98	128
228.46	153
228.93	9
229.41	131
229.88	237
230.36	179
230.84	224
231.31	235
231.79	24
232.26	170
232.74	128
233.22	58
233.69	12
234.17	9
234.64	53
235.12	78
235.60	179
236.07	52
236.55	163
237.02	80
237.50	279
237.98	78
238.45	3037
238.93	655
239.40	6939
239.88	1285
240.36	9869
240.83	918
241.31	11057
241.78	1429
242.26	9381
242.74	20533
243.21	6258
243.69	58393
244.16	7783
244.64	58433
245.12	8933
245.59	21209
246.07	571
246.54	148
247.02	8976
247.50	944
247.97	11231
248.45	3009
248.92	9344
249.40	1958
249.87	6135
250.35	543
250.83	2344
251.30	129
251.78	249
252.25	110
252.73	545
253.21	185
253.68	8
254.16	34
254.63	38
255.11	170
255.59	27
256.06	234
256.54	61
257.01	291
257.49	194
257.97	348
258.44	374
258.92	305
259.39	307
259.87	61
260.35	1
260.82	154
261.30	103
261.77	154
262.25	6
262.73	84
263.20	45
263.68	37
264.15	0
264.63	14
265.11	23
265.58	36
266.06	19
266.53	4
267.01	31
267.49	24
267.96	27
268.44	10
268.91	2
269.39	47
269.86	14
270.34	13
270.82	14
271.29	67
271.77	48
272.24	144
272.72	121
273.20	139
273.67	139
274.15	59
274.62	46
275.10	14
275.58	71
276.05	25
276.53	140
277.00	49
277.48	130
277.96	60
278.43	62
278.91	44
279.38	3
279.86	18
280.34	18
280.81	5
281.29	0
281.76	8
282.24	45
282.72	22
283.19	77
283.67	45
284.14	79
284.62	23
285.10	66
285.57	14
286.05	70
286.52	62
287.00	85
287.48	79
287.95	75
288.43	12
288.90	50
289.38	38
289.85	46
290.33	42
290.81	44
291.28	68
291.76	29
292.23	100
292.71	23
293.19	64
293.66	15
294.14	0
294.61	12
295.09	1
295.57	25
296.04	45
296.52	1
296.99	51
297.47	37
297.95	29
298.42	45
298.90	9
299.37	8
299.85	10
300.33	12
300.80	32
301.28	32
301.75	49
302.23	75
302.71	48
303.18	36
303.66	47
304.13	19
304.61	42
305.09	29
305.56	34
306.04	21
306.51	36
306.99	17
307.47	29
307.94	8
308.42	4
308.89	2
309.37	5
309.84	30
310.32	34
310.80	68
311.27	43
311.75	59
312.22	16
312.70	20
313.18	5
313.65	1
314.13	4
314.60	0
315.08	41
315.56	2
316.03	61
316.51	4
316.98	34
317.46	5
317.94	2
318.41	20
318.89	21
319.36	19
319.84	41
320.32	14
320.79	51
321.27	21
321.74	37
322.22	11
322.70	15
323.17	33
323.65	14
324.12	90
324.60	46
325.08	125
325.55	47
326.03	83
326.50	34
326.98	0
327.46	31
327.93	32
328.41	32
328.88	27
329.36	33
329.83	42
330.31	27
330.79	52
331.26	3
331.74	23
332.21	24
332.69	10
333.17	32
333.64	18
334.12	25
334.59	21
335.07	23
335.55	31
336.02	9
336.50	32
336.97	39
337.45	28
337.93	68
338.40	33
338.88	39
339.35	29
339.83	5
340.31	5
340.78	34
341.26	16
341.73	29
342.21	18
342.69	4
343.16	13
343.64	1
344.11	12
344.59	21
345.07	5
345.54	20
346.02	23
346.49	4
346.97	56
347.45	1
347.92	73
348.40	2
348.87	78
349.35	20
349.82	91
350.30	51
350.78	75
351.25	82
351.73	28
352.20	98
352.68	91
353.16	81
353.63	34
354.11	33
354.58	19
355.06	16
355.54	16
356.01	41
356.49	22
356.96	140
357.44	74
357.92	201
358.39	22
358.87	180
359.34	45
359.82	459
360.30	401
360.77	844
361.25	1377
361.72	1001
362.20	2296
362.68	1383
363.15	2595
363.63	1975
364.10	2167
364.58	850
365.06	3299
365.53	8379
366.01	8504
366.48	11035
366.96	11147
367.44	5324
367.91	5284
368.39	1232
368.86	1305
369.34	1696
369.81	2679
370.29	2173
370.77	1921
371.24	1426
371.72	1329
372.19	444
372.67	697
373.15	82
373.62	3
374.10	241
374.57	166
375.05	180
375.53	75
376.00	25
376.48	88
376.95	39
377.43	19
377.91	70
378.38	18
378.86	99
379.33	11
379.81	136
380.29	63
380.76	141
381.24	73
381.71	27
382.19	12
382.67	85
383.14	12
383.62	68
384.09	18
384.57	10
385.05	28
385.52	0
386.00	3
386.47	1
386.95	16
387.43	15
387.90	18
388.38	18
388.85	9
389.33	1
389.80	12
390.28	2
390.76	31
391.23	2
391.71	25
392.18	2
392.66	13
393.14	16
393.61	25
394.09	28
394.56	64
395.04	29
395.52	79
395.99	20
396.47	32
396.94	18
397.42	27
397.90	29
398.37	48
398.85	34
399.32	36
399.80	18
400.28	17
400.75	1
401.23	6
401.70	8
402.18	2
402.66	1
403.13	4
403.61	12
404.08	2
404.56	20
405.04	2
405.51	19
405.99	11
406.46	23
406.94	0
407.42	37
407.89	17
408.37	56
408.84	20
409.32	53
409.79	14
410.27	16
410.75	16
411.22	13
411.70	25
412.17	15
412.65	25
413.13	23
413.60	23
414.08	39
414.55	32
415.03	30
415.51	30
415.98	1
416.46	5
416.93	10
417.41	0
417.89	4
418.36	25
418.84	9
419.31	33
419.79	0
420.27	15
420.74	14
421.22	0
421.69	30
422.17	2
422.65	36
423.12	22
423.60	29
424.07	39
424.55	14
425.03	30
425.50	4
425.98	10
426.45	14
426.93	7
427.41	16
427.88	8
428.36	16
428.83	1
429.31	14
429.78	4
430.26	10
430.74	20
431.21	22
431.69	20
432.16	44
432.64	4
433.12	48
433.59	3
434.07	29
434.54	1
435.02	7
435.50	6
435.97	6
436.45	4
436.92	4
437.40	8
437.88	3
438.35	17
438.83	2
439.30	20
439.78	6
440.26	18
440.73	5
441.21	10
441.68	3
442.16	6
442.64	14
443.11	13
443.59	7
444.06	13
444.54	20
445.02	5
445.49	18
445.97	33
446.44	27
446.92	60
447.40	49
447.87	57
448.35	19
448.82	31
449.30	9
449.77	23
450.25	14
450.73	31
451.20	13
451.68	27
452.15	16
452.63	12
453.11	5
453.58	7
454.06	13
454.53	11
455.01	11
455.49	19
455.96	1
456.44	28
456.91	16
457.39	29
457.87	32
458.34	10
458.82	2
459.29	13
459.77	36
460.25	7
460.72	35
461.20	20
461.67	13
462.15	26
462.63	3
463.10	11
463.58	2
464.05	3
464.53	11
465.01	9
465.48	10
465.96	12
466.43	5
466.91	9
467.39	13
467.86	18
468.34	12
468.81	40
469.29	9
469.76	46
470.24	1
470.72	40
471.19	13
471.67	66
472.14	8
472.62	97
473.10	5
473.57	31
474.05	23
474.52	68
475.00	38
475.48	63
475.95	30
476.43	3
476.90	18
477.38	0
477.86	12
478.33	18
478.81	53
479.28	7
479.76	102
480.24	73
480.71	28
481.19	126
481.66	36
482.14	110
482.62	113
483.09	622
483.57	101
484.04	1156
484.52	265
485.00	1519
485.47	771
485.95	1444
486.42	243
486.90	822
487.38	4831
487.85	987
488.33	7980
488.80	2057
489.28	4858
489.75	1354
490.23	916
490.71	735
491.18	320
491.66	1525
492.13	710
492.61	1266
493.09	615
493.56	1016
494.04	285
494.51	666
494.99	36
495.47	183
495.94	65
496.42	35
496.89	36
497.37	46
497.85	30
498.32	38
498.80	20
499.27	43
499.75	17
500.23	45
500.70	44
501.18	17
501.65	82
502.13	44
502.61	114
503.08	99
503.56	75
504.03	71
504.51	5
504.99	12
505.46	30
505.94	2
506.41	12
506.89	9
507.36	10
507.84	1
508.32	13
508.79	9
509.27	0
509.74	13
510.22	6
510.70	14
511.17	1
511.65	7
512.12	15
512.60	6
513.08	39
513.55	19
514.03	32
514.50	16
514.98	0
515.46	5
515.93	34
516.41	31
516.88	53
517.36	55
517.84	46
518.31	48
518.79	31
519.26	17
519.74	29
520.22	9
520.69	28
521.17	20
521.64	19
522.12	16
522.60	7
523.07	2
523.55	6
524.02	19
524.50	18
524.98	32
525.45	13
525.93	28
526.40	14
526.88	18
527.35	50
527.83	9
528.31	54
528.78	4
529.26	25
529.73	29
530.21	14
530.69	45
531.16	28
531.64	45
532.11	30
532.59	38
533.07	11
533.54	27
534.02	7
534.49	16
534.97	16
535.45	9
535.92	27
536.40	10
536.87	28
537.35	7
537.83	9
538.30	15
538.78	10
539.25	30
539.73	15
540.21	15
540.68	20
541.16	9
541.63	28
542.11	24
542.59	26
543.06	24
543.54	10
544.01	11
544.49	2
544.97	11
545.44	0
545.92	24
546.39	4
546.87	24
547.34	3
547.82	8
548.30	1
548.77	6
549.25	3
549.72	14
550.20	13
550.68	14
551.15	13
551.63	3
552.10	15
552.58	17
553.06	39
553.53	26
554.01	21
554.48	17
554.96	8
555.44	11
555.91	17
556.39	15
556.86	11
557.34	21
557.82	0
558.29	15
558.77	1
559.24	0
559.72	14
560.20	7
560.67	10
561.15	3
561.62	8
562.10	0
562.58	13
563.05	4
563.53	8
564.00	7
564.48	9
564.96	6
565.43	4
565.91	0
566.38	15
566.86	16
567.33	24
567.81	28
568.29	2
568.76	23
569.24	22
569.71	16
570.19	18
570.67	18
571.14	8
571.62	25
572.09	12
572.57	24
573.05	12
573.52	5
574.00	0
574.47	14
574.95	4
575.43	18
575.90	6
576.38	12
576.85	15
577.33	3
577.81	18
578.28	28
578.76	20
579.23	38
579.71	12
580.19	24
580.66	25
581.14	7
581.61	60
582.09	9
582.57	44
583.04	18
583.52	8
583.99	8
584.47	1
584.95	10
585.42	13
585.90	13
586.37	16
586.85	3
587.32	7
587.80	11
588.28	5
588.75	0
589.23	7
589.70	5
590.18	4
590.66	4
591.13	13
591.61	13
592.08	14
592.56	20
593.04	15
593.51	46
593.99	12
594.46	73
594.94	10
595.42	23
595.89	36
596.37	59
596.84	57
597.32	43
597.80	41
598.27	30
598.75	24
599.22	39
599.70	22
600.18	4
600.65	2
601.13	4
601.60	26
602.08	20
602.56	10
603.03	43
603.51	36
603.98	78
604.46	197
604.94	416
605.41	283
605.89	834
606.36	391
606.84	1088
607.31	748
607.79	1008
608.27	330
608.74	860
609.22	2808
609.69	2009
610.17	6015
610.65	3975
611.12	4619
611.60	3269
612.07	1379
612.55	362
613.03	452
613.50	1125
613.98	727
614.45	1046
614.93	724
615.41	761
615.88	431
616.36	481
616.83	123
617.31	134
617.79	23
618.26	79
618.74	27
619.21	49
619.69	15
620.17	6
620.64	22
621.12	5
621.59	30
622.07	2
622.55	49
623.02	5
623.50	81
623.97	16
624.45	128
624.93	52
625.40	102
625.88	37
626.35	4
626.83	12
627.30	58
627.78	29
628.26	41
628.73	44
629.21	32
629.68	33
630.16	32
630.64	15
631.11	12
631.59	3
632.06	5
632.54	1
633.02	0
633.49	3
633.97	14
634.44	2
634.92	16
635.40	18
635.87	6
636.35	30
636.82	5
637.30	18
637.78	3
638.25	20
638.73	8
639.20	64
639.68	4
640.16	69
640.63	0
641.11	27
641.58	18
642.06	11
642.54	34
643.01	21
643.49	29
643.96	15
644.44	15
644.92	10
645.39	0
645.87	0
646.34	10
646.82	10
647.29	9
647.77	9
648.25	4
648.72	7
649.20	23
649.67	19
650.15	24
650.63	27
651.10	14
651.58	17
652.05	17
652.53	13
653.01	34
653.48	13
653.96	34
654.43	8
654.91	6
655.39	0
655.86	18
656.34	10
656.81	28
657.29	19
657.77	31
658.24	29
658.72	22
659.19	28
659.67	7
660.15	0
660.62	4
661.10	26
661.57	15
662.05	17
662.53	14
663.00	3
663.48	7
663.95	3
664.43	27
664.91	9
665.38	23
665.86	16
666.33	15
666.81	2
667.28	23
667.76	13
668.24	28
668.71	7
669.19	18
669.66	10
670.14	9
670.62	17
671.09	2
671.57	18
672.04	10
672.52	18
673.00	16
673.47	15
673.95	1
674.42	25
674.90	21
675.38	41
675.85	12
676.33	34
676.80	3
677.28	9
677.76	6
678.23	4
678.71	2
679.18	5
679.66	5
680.14	2
680.61	2
681.09	3
681.56	14
682.04	10
682.52	14
682.99	11
683.47	8
683.94	1
684.42	18
684.90	7
685.37	18
685.85	5
686.32	24
686.80	0
687.27	18
687.75	4
688.23	7
688.70	17
689.18	30
689.65	29
690.13	28
690.61	23
691.08	13
691.56	7
692.03	13
692.51	2
692.99	16
693.46	2
693.94	0
694.41	15
694.89	15
695.37	16
695.84	4
696.32	0
696.79	10
697.27	15
697.75	4
698.22	17
698.70	11
699.17	2
699.65	22
700.13	15
700.60	27
701.08	16
701.55	26
702.03	0
702.51	1
702.98	8
703.46	41
703.93	0
704.41	50
704.89	8
705.36	29
705.84	0
706.31	25
706.79	20
707.26	32
707.74	28
708.22	24
708.69	10
709.17	3
709.64	10
710.12	14
710.60	9
711.07	16
711.55	4
712.02	7
712.50	13
712.98	5
713.45	19
713.93	9
714.40	12
714.88	18
715.36	18
715.83	33
716.31	46
716.78	21
717.26	34
717.74	32
718.21	26
718.69	58
719.16	37
719.64	25
720.12	2
720.59	14
721.07	7
721.54	26
722.02	12
722.50	36
722.97	3
723.45	60
723.92	6
724.40	38
724.88	19
725.35	50
725.83	10
726.30	195
726.78	193
727.25	330
727.73	509
728.21	408
728.68	773
729.16	610
729.63	759
730.11	614
730.59	554
731.06	909
731.54	1322
732.01	3244
732.49	3261
732.97	3161
733.44	3365
733.92	1231
734.39	977
734.87	469
735.35	674
735.82	683
736.30	745
736.77	691
737.25	512
737.73	424
738.20	354
738.68	114
739.15	148
739.63	58
740.11	26
740.58	69
741.06	28
741.53	1
742.01	14
742.49	38
742.96	2
743.44	42
743.91	4
744.39	39
744.87	4
745.34	50
745.82	8
746.29	99
746.77	14
747.24	108
747.72	2
748.20	33
748.67	3
749.15	24
749.62	18
750.10	17
750.58	29
751.05	0
751.53	19
752.00	1
752.48	6
752.96	8
753.43	9
753.91	16
754.38	15
754.86	15
755.34	6
755.81	11
756.29	37
756.76	6
757.24	40
757.72	0
758.19	17
758.67	3
759.14	2
759.62	7
760.10	13
760.57	10
761.05	41
761.52	0
762.00	41
762.48	7
762.95	5
763.43	14
763.90	19
764.38	40
764.86	19
765.33	35
765.81	14
766.28	10
766.76	5
767.23	12
767.71	9
768.19	21
768.66	16
769.14	19
769.61	4
770.09	13
770.57	7
771.04	7
771.52	0
771.99	0
772.47	10
772.95	10
773.42	7
773.90	25
774.37	2
774.85	33
775.33	8
775.80	24
776.28	12
776.75	1
777.23	7
777.71	18
778.18	2
778.66	15
779.13	18
779.61	7
780.09	43
780.56	1
781.04	52
781.51	4
781.99	23
782.47	8
782.94	5
783.42	5
783.89	5
784.37	7
784.85	4
785.32	20
785.80	3
786.27	27
786.75	8
787.22	11
787.70	16
788.18	6
788.65	13
789.13	2
789.60	8
790.08	11
790.56	8
791.03	11
791.51	11
791.98	4
792.46	13
792.94	3
793.41	18
793.89	1
794.36	20
794.84	3
795.32	11
795.79	0
796.27	0
796.74	11
797.22	4
797.70	10
798.17	0
798.65	3
799.12	3
799.60	17
800.08	2
800.55	19
801.03	5
801.50	8
801.98	5
802.46	1
802.93	14
803.41	10
803.88	6
804.36	15
804.84	0
805.31	1
805.79	7
806.26	17
806.74	17
807.21	17
807.69	12
808.17	12
808.64	7
809.12	10
809.59	9
810.07	15
810.55	4
811.02	28
811.50	35
811.97	37
812.45	36
812.93	29
813.40	6
813.88	3
814.35	13
814.83	16
815.31	11
815.78	9
816.26	5
816.73	3
817.21	6
817.69	2
818.16	10
818.64	17
819.11	13
819.59	9
820.07	11
820.54	19
821.02	0
821.49	45
821.97	10
822.45	51
822.92	3
823.40	42
823.87	14
824.35	18
824.83	12
825.30	17
825.78	17
826.25	30
826.73	37
827.20	13
827.68	26
828.16	3
828.63	7
829.11	6
829.58	1
830.06	5
830.54	1
831.01	6
831.49	6
831.96	16
832.44	6
832.92	16
833.39	26
833.87	12
834.34	27
834.82	7
835.30	15
835.77	5
836.25	4
836.72	10
837.20	6
837.68	25
838.15	29
838.63	24
839.10	40
839.58	24
840.06	0
840.53	67
841.01	32
841.48	46
841.96	5
842.44	13
842.91	21
843.39	6
843.86	15
844.34	4
844.82	4
845.29	35
845.77	9
846.24	14
846.72	37
847.19	9
847.67	43
848.15	130
848.62	22
849.10	376
849.57	223
850.05	582
850.53	461
851.00	764
851.48	474
851.95	800
852.43	235
852.91	24
853.38	889
853.86	1546
854.33	3227
854.81	1895
855.29	4211
855.76	992
856.24	1960
856.71	604
857.19	179
857.67	792
858.14	434
858.62	812
859.09	202
859.57	589
860.05	158
860.52	264
861.00	132
861.47	19
861.95	41
862.43	47
862.90	7
863.38	7
863.85	21
864.33	12
864.81	0
865.28	10
865.76	14
866.23	12
866.71	3
867.18	22
867.66	10
868.14	67
868.61	16
869.09	86
869.56	7
870.04	20
870.52	7
870.99	37
871.47	31
871.94	27
872.42	44
872.90	15
873.37	31
873.85	26
874.32	10
874.80	31
875.28	10
875.75	19
876.23	16
876.70	3
877.18	3
877.66	16
878.13	1
878.61	2
879.08	15
879.56	17
880.04	21
880.51	22
880.99	13
881.46	18
881.94	2
882.42	6
882.89	28
883.37	12
883.84	39
884.32	14
884.80	16
885.27	9
885.75	11
886.22	36
886.70	14
887.17	38
887.65	0
888.13	20
888.60	14
889.08	2
889.55	11
890.03	13
890.51	1
890.98	18
891.46	5
891.93	4
892.41	2
892.89	9
893.36	4
893.84	10
894.31	11
894.79	4
895.27	9
895.74	6
896.22	5
896.69	21
897.17	15
897.65	30
898.12	27
898.60	20
899.07	21
899.55	1
900.03	2
900.50	17
900.98	7
901.45	19
901.93	12
902.41	7
902.88	20
903.36	0
903.83	16
904.31	10
904.79	4
905.26	19
905.74	8
906.21	13
906.69	13
907.16	1
907.64	21
908.12	2
908.59	5
909.07	18
909.54	4
910.02	33
910.50	1
910.97	28
911.45	12
911.92	10
912.40	15
912.88	4
913.35	12
913.83	12
914.30	8
914.78	13
915.26	6
915.73	6
916.21	3
916.68	2
917.16	5
917.64	4
918.11	22
918.59	12
919.06	37
919.54	20
920.02	27
920.49	19
920.97	1
921.44	6
921.92	6
922.40	7
922.87	0
923.35	8
923.82	2
924.30	0
924.78	1
925.25	0
925.73	6
926.20	1
926.68	12
927.15	1
927.63	2
928.11	2
928.58	16
929.06	0
929.53	19
930.01	3
930.49	21
930.96	11
931.44	35
931.91	9
932.39	35
932.87	5
933.34	6
933.82	14
934.29	22
934.77	24
935.25	26
935.72	20
936.20	17
936.67	14
937.15	17
937.63	19
938.10	24
938.58	17
939.05	17
939.53	1
940.01	2
940.48	8
940.96	18
941.43	1
941.91	27
942.39	13
942.86	28
943.34	22
943.81	22
944.29	26
944.77	12
945.24	18
945.72	8
946.19	5
946.67	8
947.14	8
947.62	0
948.10	15
948.57	15
949.05	9
949.52	14
950.00	5
950.48	0
950.95	5
951.43	8
951.90	3
952.38	3
952.86	1
953.33	5
953.81	0
954.28	1
954.76	7
955.24	13
955.71	11
956.19	18
956.66	7
957.14	20
957.62	6
958.09	17
958.57	2
959.04	1
959.52	20
960.00	17
960.47	53
960.95	26
961.42	32
961.90	14
962.38	31
962.85	1
963.33	45
963.80	3
964.28	18
964.76	2
965.23	9
965.71	3
966.18	12
966.66	4
967.13	1
967.61	15
968.09	2
968.56	26
969.04	11
969.51	12
969.99	60
970.47	10
970.94	230
971.42	4
971.89	392
972.37	38
972.85	486
973.32	21
973.80	491
974.27	119
974.75	352
975.23	188
975.70	326
976.18	1705
976.65	536
977.13	2846
977.61	373
978.08	1781
978.56	213
979.03	275
979.51	534
979.99	11
980.46	501
980.94	156
981.41	379
981.89	146
982.37	219
982.84	45
983.32	49
983.79	5
984.27	26
984.74	21
985.22	0
985.70	33
986.17	11
986.65	11
987.12	12
987.60	13
988.08	20
988.55	19
989.03	2
989.50	17
989.98	41
990.46	22
990.93	84
991.41	34
991.88	70
992.36	23
992.84	29
993.31	10
993.79	19
994.26	18
994.74	20
995.22	0
995.69	0
996.17	10
996.64	13
997.12	7
997.60	12
998.07	5
998.55	26
999.02	12
999.50	58
999.98	18
1000.45	62
1000.93	14
1001.40	37
1001.88	6
1002.36	21
1002.83	2
1003.31	11
1003.78	6
1004.26	10
1004.73	21
1005.21	30
1005.69	30
1006.16	25
1006.64	22
1007.11	4
1007.59	8
1008.07	9
1008.54	9
1009.02	20
1009.49	16
1009.97	27
1010.45	10
1010.92	24
1011.40	3
1011.87	11
1012.35	8
1012.83	2
1013.30	8
1013.78	3
1014.25	7
1014.73	9
1015.21	0
1015.68	11
1016.16	8
1016.63	12
1017.11	0
1017.59	15
1018.06	14
1018.54	18
1019.01	2
1019.49	18
1019.97	20
1020.44	12
1020.92	16
1021.39	0
1021.87	2
1022.35	5
1022.82	7
1023.30	3
1023.77	7
1024.25	19
1024.72	18
1025.20	25
1025.68	24
1026.15	15
1026.63	15
1027.10	3
1027.58	7
1028.06	2
1028.53	9
1029.01	11
1029.48	6
1029.96	22
1030.44	4
1030.91	27
1031.39	9
1031.86	24
1032.34	10
1032.82	20
1033.29	12
1033.77	15
1034.24	11
1034.72	8
1035.20	5
1035.67	1
1036.15	3
1036.62	3
1037.10	10
1037.58	13
1038.05	6
1038.53	18
1039.00	3
1039.48	15
1039.96	7
1040.43	16
1040.91	0
1041.38	19
1041.86	11
1042.34	16
1042.81	10
1043.29	11
1043.76	6
1044.24	7
1044.71	15
1045.19	1
1045.67	10
1046.14	5
1046.62	4
1047.09	6
1047.57	5
1048.05	6
1048.52	19
1049.00	11
1049.47	17
1049.95	8
1050.43	0
1050.90	5
1051.38	5
1051.85	12
1052.33	3
1052.81	6
1053.28	0
1053.76	1
1054.23	10
1054.71	0
1055.19	5
1055.66	7
1056.14	12
1056.61	25
1057.09	18
1057.57	33
1058.04	12
1058.52	13
1058.99	14
1059.47	3
1059.95	24
1060.42	1
1060.90	27
1061.37	4
1061.85	20
1062.33	4
1062.80	13
1063.28	10
1063.75	8
1064.23	7
1064.70	6
1065.18	7
1065.66	5
1066.13	10
1066.61	5
1067.08	6
1067.56	3
1068.04	0
1068.51	0
1068.99	2
1069.46	2
1069.94	10
1070.42	12
1070.89	13
1071.37	18
1071.84	9
1072.32	19
1072.80	7
1073.27	17
1073.75	3
1074.22	13
1074.70	7
1075.18	6
1075.65	12
1076.13	2
1076.60	5
1077.08	10
1077.56	4
1078.03	11
1078.51	10
1078.98	10
1079.46	14
1079.94	4
1080.41	20
1080.89	12
1081.36	25
1081.84	29
1082.32	23
1082.79	34
1083.27	4
1083.74	28
1084.22	30
1084.69	19
1085.17	36
1085.65	19
1086.12	8
1086.60	21
1087.07	6
1087.55	13
1088.03	0
1088.50	4
1088.98	0
1089.45	0
1089.93	0
1090.41	10
1090.88	4
1091.36	15
1091.83	22
1092.31	5
1092.79	85
1093.26	20
1093.74	142
1094.21	69
1094.69	184
1095.17	106
1095.64	223
1096.12	65
1096.59	124
1097.07	46
1097.55	223
1098.02	457
1098.50	437
1098.97	1032
1099.45	275
1099.93	817
1100.40	147
1100.88	133
1101.35	195
1101.83	108
1102.31	211
1102.78	37
1103.26	176
1103.73	13
1104.21	123
1104.68	35
1105.16	54
1105.64	35
1106.11	5
1106.59	22
1107.06	5
1107.54	23
1108.02	12
1108.49	19
1108.97	0
1109.44	14
1109.92	3
1110.40	8
1110.87	0
1111.35	1
1111.82	9
1112.30	2
1112.78	33
1113.25	3
1113.73	42
1114.20	10
1114.68	22
1115.16	0
1115.63	8
1116.11	14
1116.58	10
1117.06	9
1117.54	5
1118.01	3
1118.49	7
1118.96	11
1119.44	13
1119.92	18
1120.39	5
1120.87	7
1121.34	13
1121.82	23
1122.30	20
1122.77	40
1123.25	15
1123.72	20
1124.20	11
1124.67	1
1125.15	8
1125.63	3
1126.10	3
1126.58	2
1127.05	11
1127.53	9
1128.01	3
1128.48	12
1128.96	1
1129.43	3
1129.91	10
1130.39	3
1130.86	16
1131.34	1
1131.81	20
1132.29	0
1132.77	27
1133.24	2
1133.72	20
1134.19	7
1134.67	4
1135.15	11
1135.62	0
1136.10	3
1136.57	5
1137.05	4
1137.53	11
1138.00	2
1138.48	15
1138.95	9
1139.43	22
1139.91	5
1140.38	26
1140.86	2
1141.33	23
1141.81	7
1142.29	17
1142.76	3
1143.24	4
1143.71	9
1144.19	3
1144.66	10
1145.14	0
1145.62	4
1146.09	0
1146.57	19
1147.04	1
1147.52	24
1148.00	1
1148.47	14
1148.95	3
1149.42	4
1149.90	2
1150.38	14
1150.85	15
1151.33	8
1151.80	17
1152.28	0
1152.76	6
1153.23	7
1153.71	0
1154.18	15
1154.66	5
1155.14	11
1155.61	8
1156.09	5
1156.56	1
1157.04	9
1157.52	9
1157.99	17
1158.47	17
1158.94	24
1159.42	10
1159.90	27
1160.37	2
1160.85	17
1161.32	10
1161.80	2
1162.28	23
1162.75	1
1163.23	23
1163.70	1
1164.18	15
1164.65	4
1165.13	3
1165.61	3
1166.08	8
1166.56	4
1167.03	7
1167.51	12
1167.99	0
1168.46	11
1168.94	0
1169.41	9
1169.89	8
1170.37	14
1170.84	4
1171.32	9
1171.79	10
1172.27	5
1172.75	9
1173.22	9
1173.70	7
1174.17	4
1174.65	14
1175.13	15
1175.60	13
1176.08	29
1176.55	12
1177.03	20
1177.51	5
1177.98	0
1178.46	3
1178.93	1
1179.41	6
1179.89	8
1180.36	4
1180.84	0
1181.31	16
1181.79	13
1182.27	12
1182.74	14
1183.22	2
1183.69	7
1184.17	0
1184.64	0
1185.12	2
1185.60	5
1186.07	0
1186.55	6
1187.02	11
1187.50	6
1187.98	32
1188.45	9
1188.93	44
1189.40	8
1189.88	36
1190.36	7
1190.83	12
1191.31	7
1191.78	11
1192.26	0
1192.74	11
1193.21	8
1193.69	2
1194.16	6
1194.64	1
1195.12	4
1195.59	11
1196.07	3
1196.54	16
1197.02	8
1197.50	0
1197.97	13
1198.45	20
1198.92	5
1199.40	20
1199.88	7
1200.35	7
1200.83	0
1201.30	2
1201.78	9
1202.26	8
1202.73	2
1203.21	7
1203.68	8
1204.16	16
1204.63	17
1205.11	30
1205.59	33
1206.06	11
1206.54	10
1207.01	44
1207.49	2
1207.97	19
1208.44	16
1208.92	6
1209.39	12
1209.87	4
1210.35	2
1210.82	7
1211.30	9
1211.77	15
1212.25	16
1212.73	0
1213.20	20
1213.68	7
1214.15	10
1214.63	98
1215.11	20
1215.58	225
1216.06	93
1216.53	331
1217.01	155
1217.49	411
1217.96	88
1218.44	349
1218.91	28
1219.39	82
1219.87	745
1220.34	542
1220.82	2093
1221.29	488
1221.77	2110
1222.25	285
1222.72	720
1223.20	334
1223.67	96
1224.15	407
1224.62	88
1225.10	375
1225.58	19
1226.05	267
1226.53	32
1227.00	113
1227.48	25
1227.96	2
1228.43	5
1228.91	18
1229.38	9
1229.86	6
1230.34	11
1230.81	9
1231.29	23
1231.76	8
1232.24	22
1232.72	1
1233.19	12
1233.67	19
1234.14	5
1234.62	64
1235.10	11
1235.57	81
1236.05	28
1236.52	37
1237.00	19
1237.48	1
1237.95	12
1238.43	2
1238.90	26
1239.38	2
1239.86	21
1240.33	1
1240.81	10
1241.28	4
1241.76	4
1242.24	8
1242.71	8
1243.19	2
1243.66	11
1244.14	17
1244.61	18
1245.09	24
1245.57	13
1246.04	8
1246.52	2
1246.99	5
1247.47	3
1247.95	5
1248.42	4
1248.90	4
1249.37	27
1249.85	6
1250.33	29
1250.80	0
1251.28	5
1251.75	7
1252.23	4
1252.71	4
1253.18	4
1253.66	8
1254.13	4
1254.61	20
1255.09	1
1255.56	22
1256.04	2
1256.51	13
1256.99	1
1257.47	8
1257.94	1
1258.42	9
1258.89	3
1259.37	8
1259.85	16
1260.32	3
1260.80	25
1261.27	4
1261.75	17
1262.23	17
1262.70	4
1263.18	35
1263.65	8
1264.13	42
1264.60	22
1265.08	30
1265.56	16
1266.03	16
1266.51	3
1266.98	8
1267.46	13
1267.94	6
1268.41	14
1268.89	11
1269.36	20
1269.84	14
1270.32	18
1270.79	3
1271.27	4
1271.74	13
1272.22	2
1272.70	22
1273.17	0
1273.65	15
1274.12	0
1274.60	1
1275.08	4
1275.55	8
1276.03	6
1276.50	16
1276.98	2
1277.46	24
1277.93	12
1278.41	18
1278.88	14
1279.36	0
1279.84	13
1280.31	12
1280.79	20
1281.26	11
1281.74	25
1282.22	10
1282.69	17
1283.17	8
1283.64	4
1284.12	3
1284.59	0
1285.07	0
1285.55	3
1286.02	6
1286.50	15
1286.97	17
1287.45	19
1287.93	15
1288.40	10
1288.88	0
1289.35	3
1289.83	8
1290.31	9
1290.78	6
1291.26	17
1291.73	0
1292.21	11
1292.69	7
1293.16	2
1293.64	15
1294.11	3
1294.59	22
1295.07	7
1295.54	23
1296.02	14
1296.49	19
1296.97	23
1297.45	15
1297.92	32
1298.40	3
1298.87	28
1299.35	12
1299.83	15
1300.30	22
1300.78	9
1301.25	25
1301.73	6
1302.21	17
1302.68	4
1303.16	4
1303.63	18
1304.11	1
1304.58	18
1305.06	1
1305.54	5
1306.01	7
1306.49	3
1306.96	13
1307.44	1
1307.92	8
1308.39	2
1308.87	3
1309.34	3
1309.82	0
1310.30	4
1310.77	5
1311.25	2
1311.72	12
1312.20	3
1312.68	18
1313.15	11
1313.63	18
1314.10	4
1314.58	12
1315.06	16
1315.53	2
1316.01	4
1316.48	3
1316.96	3
1317.44	0
1317.91	1
1318.39	7
1318.86	5
1319.34	16
1319.82	13
1320.29	17
1320.77	24
1321.24	5
1321.72	33
1322.20	2
1322.67	27
1323.15	8
1323.62	9
1324.10	29
1324.57	3
1325.05	40
1325.53	3
1326.00	53
1326.48	1
1326.95	70
1327.43	0
1327.91	36
1328.38	4
1328.86	15
1329.33	30
1329.81	10
1330.29	42
1330.76	16
1331.24	20
1331.71	27
1332.19	4
1332.67	35
1333.14	4
1333.62	43
1334.09	0
1334.57	29
1335.05	2
1335.52	20
1336.00	12
1336.47	71
1336.95	47
1337.43	182
1337.90	69
1338.38	289
1338.85	67
1339.33	322
1339.81	123
1340.28	270
1340.76	203
1341.23	370
1341.71	247
1342.19	908
1342.66	1391
1343.14	1186
1343.61	1763
1344.09	533
1344.56	839
1345.04	215
1345.52	138
1345.99	390
1346.47	143
1346.94	306
1347.42	215
1347.90	206
1348.37	155
1348.85	90
1349.32	57
1349.80	8
1350.28	0
1350.75	21
1351.23	16
1351.70	12
1352.18	10
1352.66	12
1353.13	1
1353.61	2
1354.08	2
1354.56	2
1355.04	8
1355.51	6
1355.99	18
1356.46	31
1356.94	43
1357.42	47
1357.89	61
1358.37	29
1358.84	32
1359.32	14
1359.80	8
1360.27	20
1360.75	7
1361.22	19
1361.70	7
1362.18	10
1362.65	0
1363.13	3
1363.60	19
1364.08	7
1364.55	25
1365.03	19
1365.51	20
1365.98	19
1366.46	22
1366.93	8
1367.41	20
1367.89	3
1368.36	5
1368.84	10
1369.31	5
1369.79	7
1370.27	0
1370.74	22
1371.22	12
1371.69	44
1372.17	18
1372.65	22
1373.12	17
1373.60	13
1374.07	19
1374.55	26
1375.03	21
1375.50	21
1375.98	15
1376.45	12
1376.93	12
1377.41	1
1377.88	14
1378.36	8
1378.83	11
1379.31	10
1379.79	9
1380.26	2
1380.74	13
1381.21	0
1381.69	19
1382.17	6
1382.64	22
1383.12	1
1383.59	17
1384.07	9
1384.54	15
1385.02	5
1385.50	26
1385.97	1
1386.45	29
1386.92	1
1387.40	15
1387.88	5
1388.35	2
1388.83	4
1389.30	5
1389.78	6
1390.26	12
1390.73	12
1391.21	11
1391.68	15
1392.16	3
1392.64	12
1393.11	0
1393.59	10
1394.06	0
1394.54	8
1395.02	0
1395.49	2
1395.97	2
1396.44	0
1396.92	4
1397.40	8
1397.87	7
1398.35	13
1398.82	9
1399.30	11
1399.78	3
1400.25	9
1400.73	5
1401.20	6
1401.68	11
1402.16	5
1402.63	15
1403.11	7
1403.58	18
1404.06	5
1404.53	25
1405.01	2
1405.49	32
1405.96	9
1406.44	26
1406.91	17
1407.39	9
1407.87	26
1408.34	1
1408.82	20
1409.29	9
1409.77	0
1410.25	12
1410.72	12
1411.20	2
1411.67	5
1412.15	7
1412.63	7
1413.10	5
1413.58	8
1414.05	11
1414.53	1
1415.01	24
1415.48	5
1415.96	13
1416.43	3
1416.91	5
1417.39	3
1417.86	18
1418.34	5
1418.81	24
1419.29	23
1419.77	14
1420.24	29
1420.72	5
1421.19	16
1421.67	9
1422.15	1
1422.62	8
1423.10	8
1423.57	22
1424.05	17
1424.52	16
1425.00	20
1425.48	3
1425.95	9
1426.43	3
1426.90	3
1427.38	3
1427.86	3
1428.33	5
1428.81	7
1429.28	8
1429.76	15
1430.24	2
1430.71	17
1431.19	9
1431.66	18
1432.14	1
1432.62	17
1433.09	7
1433.57	11
1434.04	1
1434.52	6
1435.00	10
1435.47	7
1435.95	3
1436.42	12
1436.90	10
1437.38	9
1437.85	9
1438.33	10
1438.80	9
1439.28	22
1439.76	12
1440.23	11
1440.71	7
1441.18	8
1441.66	0
1442.14	13
1442.61	1
1443.09	8
1443.56	3
1444.04	5
1444.51	10
1444.99	0
1445.47	18
1445.94	0
1446.42	24
1446.89	0
1447.37	26
1447.85	6
1448.32	23
1448.80	28
1449.27	12
1449.75	31
1450.23	2
1450.70	5
1451.18	15
1451.65	5
1452.13	19
1452.61	3
1453.08	14
1453.56	14
1454.03	10
1454.51	25
1454.99	7
1455.46	13
1455.94	6
1456.41	4
1456.89	21
1457.37	8
1457.84	26
1458.32	1
1458.79	45
1459.27	46
1459.75	68
1460.22	112
1460.70	71
1461.17	157
1461.65	83
1462.13	130
1462.60	124
1463.08	124
1463.55	51
1464.03	400
1464.50	267
1464.98	681
1465.46	474
1465.93	419
1466.41	297
1466.88	31
1467.36	120
1467.84	150
1468.31	145
1468.79	97
1469.26	170
1469.74	71
1470.22	115
1470.69	50
1471.17	35
1471.64	5
1472.12	17
1472.60	14
1473.07	32
1473.55	6
1474.02	16
1474.50	14
1474.98	4
1475.45	1
1475.93	13
1476.40	4
1476.88	14
1477.36	4
1477.83	8
1478.31	21
1478.78	10
1479.26	23
1479.74	27
1480.21	6
1480.69	23
1481.16	1
1481.64	0
1482.11	4
1482.59	7
1483.07	0
1483.54	0
1484.02	5
1484.49	1
1484.97	1
1485.45	10
1485.92	14
1486.40	16
1486.87	18
1487.35	11
1487.83	8
1488.30	3
1488.78	3
1489.25	3
1489.73	9
1490.21	10
1490.68	16
1491.16	10
1491.63	15
1492.11	5
1492.59	17
1493.06	5
1493.54	26
1494.01	11
1494.49	24
1494.97	16
1495.44	4
1495.92	16
1496.39	9
1496.87	12
1497.35	2
1497.82	1
1498.30	7
1498.77	7
1499.25	4
1499.73	3
1500.20	1
1500.68	4
1501.15	1
1501.63	0
1502.10	0
1502.58	7
1503.06	2
1503.53	0
1504.01	1
1504.48	17
1504.96	12
1505.44	23
1505.91	23
1506.39	15
1506.86	12
1507.34	5
1507.82	2
1508.29	6
1508.77	1
1509.24	11
1509.72	7
1510.20	7
1510.67	11
1511.15	4
1511.62	17
1512.10	10
1512.58	35
1513.05	1
1513.53	39
1514.00	11
1514.48	15
1514.96	9
1515.43	3
1515.91	7
1516.38	0
1516.86	24
1517.34	11
1517.81	22
1518.29	15
1518.76	6
1519.24	14
1519.72	6
1520.19	10
1520.67	12
1521.14	3
1521.62	10
1522.09	4
1522.57	1
1523.05	2
1523.52	20
1524.00	5
1524.47	36
1524.95	8
1525.43	40
1525.90	8
1526.38	25
1526.85	4
1527.33	1
1527.81	1
1528.28	11
1528.76	5
1529.23	5
1529.71	16
1530.19	1
1530.66	14
1531.14	10
1531.61	6
1532.09	20
1532.57	7
1533.04	12
1533.52	13
1533.99	9
1534.47	12
1534.95	19
1535.42	10
1535.90	15
1536.37	17
1536.85	12
1537.33	21
1537.80	16
1538.28	10
1538.75	19
1539.23	4
1539.71	6
1540.18	6
1540.66	9
1541.13	0
1541.61	3
1542.08	13
1542.56	6
1543.04	18
1543.51	2
1543.99	1
1544.46	4
1544.94	16
1545.42	20
1545.89	14
1546.37	34
1546.84	1
1547.32	14
1547.80	2
1548.27	6
1548.75	3
1549.22	1
1549.70	16
1550.18	16
1550.65	25
1551.13	23
1551.60	21
1552.08	28
1552.56	15
1553.03	33
1553.51	6
1553.98	19
1554.46	12
1554.94	7
1555.41	28
1555.89	11
1556.36	21
1556.84	3
1557.32	1
1557.79	2
1558.27	11
1558.74	15
1559.22	7
1559.70	14
1560.17	9
1560.65	0
1561.12	16
1561.60	2
1562.07	12
1562.55	0
1563.03	2
1563.50	0
1563.98	2
1564.45	7
1564.93	8
1565.41	13
1565.88	8
1566.36	8
1566.83	7
1567.31	3
1567.79	9
1568.26	0
1568.74	2
1569.21	4
1569.69	17
1570.17	2
1570.64	53
1571.12	11
1571.59	69
1572.07	4
1572.55	29
1573.02	5
1573.50	14
1573.97	0
1574.45	16
1574.93	1
1575.40	3
1575.88	11
1576.35	1
1576.83	20
1577.31	1
1577.78	16
1578.26	2
1578.73	0
1579.21	6
1579.69	19
1580.16	6
1580.64	13
1581.11	45
1581.59	12
1582.06	102
1582.54	19
1583.02	152
1583.49	31
1583.97	153
1584.44	85
1584.92	92
1585.40	30
1585.87	107
1586.35	429
1586.82	260
1587.30	925
1587.78	238
1588.25	728
1588.73	13
1589.20	217
1589.68	154
1590.16	54
1590.63	142
1591.11	84
1591.58	117
1592.06	78
1592.54	91
1593.01	43
1593.49	47
1593.96	16
1594.44	16
1594.92	3
1595.39	13
1595.87	0
1596.34	11
1596.82	1
1597.30	5
1597.77	5
1598.25	2
1598.72	14
1599.20	0
1599.68	17
1600.15	17
1600.63	18
1601.10	50
1601.58	33
1602.05	46
1602.53	36
1603.01	6
1603.48	2
1603.96	15
1604.43	27
1604.91	13
1605.39	28
1605.86	0
1606.34	27
1606.81	13
1607.29	21
1607.77	12
1608.24	4
1608.72	1
1609.19	4
1609.67	12
1610.15	2
1610.62	16
1611.10	7
1611.57	15
1612.05	10
1612.53	15
1613.00	0
1613.48	21
1613.95	7
1614.43	20
1614.91	6
1615.38	4
1615.86	12
1616.33	10
1616.81	21
1617.29	14
1617.76	18
1618.24	13
1618.71	7
1619.19	12
1619.67	6
1620.14	13
1620.62	17
1621.09	17
1621.57	26
1622.04	24
1622.52	20
1623.00	25
1623.47	7
1623.95	17
1624.42	6
1624.90	15
1625.38	17
1625.85	21
1626.33	20
1626.80	14
1627.28	11
1627.76	1
1628.23	8
1628.71	5
1629.18	15
1629.66	0
1630.14	19
1630.61	1
1631.09	15
1631.56	7
1632.04	10
1632.52	11
1632.99	3
1633.47	14
1633.94	3
1634.42	23
1634.90	1
1635.37	26
1635.85	8
1636.32	13
1636.80	8
1637.28	0
1637.75	1
1638.23	0
1638.70	4
1639.18	4
1639.66	2
1640.13	7
1640.61	2
1641.08	11
1641.56	1
1642.03	5
1642.51	11
1642.99	7
1643.46	16
1643.94	10
1644.41	7
1644.89	2
1645.37	2
1645.84	4
1646.32	2
1646.79	7
1647.27	5
1647.75	6
1648.22	14
1648.70	3
1649.17	19
1649.65	23
1650.13	19
1650.60	30
1651.08	14
1651.55	19
1652.03	4
1652.51	11
1652.98	2
1653.46	11
1653.93	4
1654.41	1
1654.89	0
1655.36	24
1655.84	2
1656.31	23
1656.79	5
1657.27	4
1657.74	0
1658.22	2
1658.69	12
1659.17	6
1659.65	21
1660.12	10
1660.60	21
1661.07	26
1661.55	20
1662.02	13
1662.50	18
1662.98	10
1663.45	6
1663.93	11
1664.40	5
1664.88	0
1665.36	4
1665.83	0
1666.31	1
1666.78	5
1667.26	7
1667.74	0
1668.21	22
1668.69	7
1669.16	24
1669.64	8
1670.12	17
1670.59	3
1671.07	13
1671.54	5
1672.02	9
1672.50	14
1672.97	0
1673.45	24
1673.92	6
1674.40	31
1674.88	6
1675.35	27
1675.83	2
1676.30	15
1676.78	11
1677.26	12
1677.73	29
1678.21	17
1678.68	42
1679.16	18
1679.64	35
1680.11	4
1680.59	1
1681.06	10
1681.54	21
1682.01	8
1682.49	16
1682.97	1
1683.44	5
1683.92	6
1684.39	0
1684.87	18
1685.35	0
1685.82	25
1686.30	0
1686.77	19
1687.25	5
1687.73	8
1688.20	4
1688.68	6
1689.15	0
1689.63	9
1690.11	0
1690.58	4
1691.06	4
1691.53	1
1692.01	6
1692.49	22
1692.96	16
1693.44	51
1693.91	33
1694.39	27
1694.87	16
1695.34	5
1695.82	19
1696.29	3
1696.77	21
1697.25	16
1697.72	6
1698.20	8
1698.67	1
1699.15	0
1699.63	2
1700.10	3
1700.58	7
1701.05	8
1701.53	0
1702.00	18
1702.48	0
1702.96	51
1703.43	30
1703.91	104
1704.38	58
1704.86	138
1705.34	78
1705.81	120
1706.29	123
1706.76	92
1707.24	112
1707.72	318
1708.19	213
1708.67	804
1709.14	674
1709.62	827
1710.10	637
1710.57	260
1711.05	254
1711.52	127
1712.00	107
1712.48	148
1712.95	143
1713.43	95
1713.90	142
1714.38	57
1714.86	89
1715.33	20
1715.81	24
1716.28	2
1716.76	11
1717.24	4
1717.71	8
1718.19	17
1718.66	12
1719.14	13
1719.62	19
1720.09	1
1720.57	7
1721.04	0
1721.52	4
1721.99	16
1722.47	8
1722.95	36
1723.42	57
1723.90	28
1724.37	87
1724.85	4
1725.33	44
1725.80	4
1726.28	9
1726.75	9
1727.23	12
1727.71	19
1728.18	5
1728.66	17
1729.13	9
1729.61	3
1730.09	12
1730.56	2
1731.04	23
1731.51	3
1731.99	19
1732.47	3
1732.94	2
1733.42	3
1733.89	4
1734.37	10
1734.85	0
1735.32	11
1735.80	2
1736.27	16
1736.75	4
1737.23	38
1737.70	12
1738.18	54
1738.65	20
1739.13	37
1739.61	16
1740.08	6
1740.56	1
1741.03	4
1741.51	7
1741.98	5
1742.46	3
1742.94	17
1743.41	0
1743.89	17
1744.36	2
1744.84	7
1745.32	6
1745.79	8
1746.27	7
1746.74	13
1747.22	2
1747.70	0
1748.17	4
1748.65	12
1749.12	6
1749.60	5
1750.08	2
1750.55	6
1751.03	1
1751.50	5
1751.98	14
1752.46	5
1752.93	23
1753.41	12
1753.88	6
1754.36	5
1754.84	17
1755.31	7
1755.79	22
1756.26	11
1756.74	9
1757.22	0
1757.69	7
1758.17	17
1758.64	23
1759.12	24
1759.60	30
1760.07	18
1760.55	25
1761.02	9
1761.50	17
1761.97	6
1762.45	15
1762.93	7
1763.40	16
1763.88	10
1764.35	14
1764.83	11
1765.31	10
1765.78	5
1766.26	9
1766.73	0
1767.21	12
1767.69	4
1768.16	13
1768.64	12
1769.11	7
1769.59	11
1770.07	6
1770.54	6
1771.02	19
1771.49	1
1771.97	23
1772.45	1
1772.92	22
1773.40	2
1773.87	16
1774.35	4
1774.83	9
1775.30	5
1775.78	5
1776.25	3
1776.73	9
1777.21	7
1777.68	16
1778.16	14
1778.63	16
1779.11	20
1779.59	13
1780.06	19
1780.54	10
1781.01	7
1781.49	3
1781.96	9
1782.44	5
1782.92	16
1783.39	9
1783.87	15
1784.34	11
1784.82	15
1785.30	11
1785.77	14
1786.25	3
1786.72	5
1787.20	5
1787.68	3
1788.15	5
1788.63	2
1789.10	1
1789.58	3
1790.06	6
1790.53	6
1791.01	5
1791.48	6
1791.96	3
1792.44	4
1792.91	1
1793.39	2
1793.86	3
1794.34	6
1794.82	7
1795.29	4
1795.77	6
1796.24	4
1796.72	1
1797.20	8
1797.67	0
1798.15	4
1798.62	6
1799.10	1
1799.58	15
1800.05	2
1800.53	18
1801.00	2
1801.48	4
1801.95	11
1802.43	21
1802.91	15
1803.38	30
1803.86	8
1804.33	17
1804.81	0
1805.29	3
1805.76	2
1806.24	2
1806.71	7
1807.19	1
1807.67	22
1808.14	10
1808.62	27
1809.09	13
1809.57	20
1810.05	7
1810.52	15
1811.00	2
1811.47	16
1811.95	11
1812.43	18
1812.90	19
1813.38	19
1813.85	26
1814.33	28
1814.81	36
1815.28	33
1815.76	43
1816.23	17
1816.71	20
1817.19	7
1817.66	16
1818.14	10
1818.61	18
1819.09	1
1819.57	2
1820.04	20
1820.52	14
1820.99	18
1821.47	19
1821.94	6
1822.42	22
1822.90	1
1823.37	9
1823.85	5
1824.32	0
1824.80	17
1825.28	34
1825.75	45
1826.23	84
1826.70	87
1827.18	107
1827.66	92
1828.13	119
1828.61	48
1829.08	129
1829.56	138
1830.04	40
1830.51	486
1830.99	132
1831.46	632
1831.94	165
1832.42	288
1832.89	80
1833.37	44
1833.84	85
1834.32	93
1834.80	137
1835.27	58
1835.75	127
1836.22	44
1836.70	78
1837.18	32
1837.65	28
1838.13	13
1838.60	1
1839.08	9
1839.56	5
1840.03	16
1840.51	3
1840.98	12
1841.46	10
1841.93	1
1842.41	10
1842.89	4
1843.36	3
1843.84	1
1844.31	0
1844.79	2
1845.27	19
1845.74	8
1846.22	40
1846.69	7
1847.17	27
1847.65	10
1848.12	3
1848.60	22
1849.07	3
1849.55	19
1850.03	14
1850.50	9
1850.98	24
1851.45	5
1851.93	29
1852.41	18
1852.88	24
1853.36	20
1853.83	13
1854.31	14
1854.79	2
1855.26	8
1855.74	3
1856.21	1
1856.69	1
1857.17	8
1857.64	11
1858.12	5
1858.59	18
1859.07	4
1859.55	18
1860.02	16
1860.50	13
1860.97	27
1861.45	4
1861.92	18
1862.40	6
1862.88	0
1863.35	12
1863.83	4
1864.30	6
1864.78	3
1865.26	3
1865.73	10
1866.21	8
1866.68	20
1867.16	10
1867.64	29
1868.11	9
1868.59	27
1869.06	4
1869.54	16
1870.02	2
1870.49	9
1870.97	6
1871.44	6
1871.92	7
1872.40	5
1872.87	0
1873.35	10
1873.82	8
1874.30	12
1874.78	13
1875.25	7
1875.73	17
1876.20	0
1876.68	15
1877.16	12
1877.63	0
1878.11	24
1878.58	8
1879.06	23
1879.54	2
1880.01	13
1880.49	6
1880.96	4
1881.44	9
1881.91	0
1882.39	4
1882.87	3
1883.34	1
1883.82	10
1884.29	6
1884.77	13
1885.25	17
1885.72	3
1886.20	11
1886.67	9
1887.15	3
1887.63	10
1888.10	5
1888.58	5
1889.05	4
1889.53	0
1890.01	7
1890.48	13
1890.96	1
1891.43	14
1891.91	2
1892.39	1
1892.86	7
1893.34	9
1893.81	7
1894.29	3
1894.77	1
1895.24	6
1895.72	7
1896.19	14
1896.67	0
1897.15	17
1897.62	7
1898.10	13
1898.57	6
1899.05	6
1899.53	1
1900.00	4
1900.48	1
1900.95	16
1901.43	4
1901.90	16
1902.38	3
1902.86	7
1903.33	4
1903.81	3
1904.28	8
1904.76	2
1905.24	9
1905.71	5
1906.19	8
1906.66	7
1907.14	13
1907.62	3
1908.09	14
1908.57	9
1909.04	7
1909.52	0
1910.00	7
1910.47	11
1910.95	17
1911.42	9
1911.90	21
1912.38	2
1912.85	8
1913.33	3
1913.80	7
1914.28	12
1914.76	5
1915.23	16
1915.71	5
1916.18	10
1916.66	5
1917.14	1
1917.61	2
1918.09	10
1918.56	4
1919.04	21
1919.52	5
1919.99	20
1920.47	5
1920.94	14
1921.42	13
1921.89	21
1922.37	20
1922.85	34
1923.32	21
1923.80	29
1924.27	10
1924.75	13
1925.23	1
1925.70	14
1926.18	5
1926.65	23
1927.13	7
1927.61	14
1928.08	8
1928.56	2
1929.03	6
1929.51	10
1929.99	7
1930.46	5
1930.94	4
1931.41	5
1931.89	8
1932.37	8
1932.84	19
1933.32	4
1933.79	22
1934.27	0
1934.75	19
1935.22	0
1935.70	12
1936.17	11
1936.65	0
1937.13	43
1937.60	1
1938.08	51
1938.55	8
1939.03	15
1939.51	5
1939.98	8
1940.46	15
1940.93	1
1941.41	8
1941.88	7
1942.36	2
1942.84	7
1943.31	3
1943.79	1
1944.26	16
1944.74	2
1945.22	18
1945.69	0
1946.17	5
1946.64	5
1947.12	12
1947.60	29
1948.07	49
1948.55	72
1949.02	90
1949.50	92
1949.98	123
1950.45	45
1950.93	143
1951.40	51
1951.88	48
1952.36	327
1952.83	222
1953.31	582
1953.78	381
1954.26	364
1954.74	257
1955.21	12
1955.69	133
1956.16	63
1956.64	129
1957.12	17
1957.59	119
1958.07	8
1958.54	76
1959.02	12
1959.49	25
1959.97	0
1960.45	7
1960.92	9
1961.40	12
1961.87	3
1962.35	0
1962.83	11
1963.30	13
1963.78	30
1964.25	21
1964.73	33
1965.21	19
1965.68	15
1966.16	13
1966.63	11
1967.11	24
1967.59	26
1968.06	38
1968.54	20
1969.01	17
1969.49	15
1969.97	15
1970.44	18
1970.92	21
1971.39	24
1971.87	15
1972.35	25
1972.82	13
1973.30	17
1973.77	7
1974.25	2
1974.73	6
1975.20	10
1975.68	16
1976.15	14
1976.63	18
1977.11	8
1977.58	15
1978.06	0
1978.53	5
1979.01	0
1979.48	5
1979.96	1
1980.44	11
1980.91	6
1981.39	9
1981.86	17
1982.34	0
1982.82	13
1983.29	6
1983.77	2
1984.24	5
1984.72	2
1985.20	3
1985.67	4
1986.15	7
1986.62	9
1987.10	3
1987.58	12
1988.05	0
1988.53	6
1989.00	1
1989.48	3
1989.96	2
1990.43	4
1990.91	8
1991.38	0
1991.86	7
1992.34	9
1992.81	5
1993.29	6
1993.76	10
1994.24	3
1994.72	0
1995.19	7
1995.67	8
1996.14	6
1996.62	13
1997.10	9
1997.57	10
1998.05	4
1998.52	2
1999.00	22
1999.47	8
1999.95	51
2000.43	25
2000.90	44
2001.38	22
2001.85	14
2002.33	4
2002.81	0
2003.28	8
2003.76	2
2004.23	14
2004.71	5
2005.19	16
2005.66	8
2006.14	16
2006.61	9
2007.09	10
2007.57	7
2008.04	2
2008.52	6
2008.99	0
2009.47	8
2009.95	1
2010.42	7
2010.90	5
2011.37	0
2011.85	7
2012.33	6
2012.80	8
2013.28	2
2013.75	14
2014.23	10
2014.71	16
2015.18	3
2015.66	5
2016.13	4
2016.61	10
2017.09	5
2017.56	16
2018.04	3
2018.51	17
2018.99	6
2019.46	22
2019.94	12
2020.42	25
2020.89	11
2021.37	19
2021.84	5
2022.32	13
2022.80	0
2023.27	18
2023.75	6
2024.22	31
2024.70	10
2025.18	35
2025.65	9
2026.13	24
2026.60	8
2027.08	11
2027.56	14
2028.03	4
2028.51	19
2028.98	3
2029.46	7
2029.94	13
2030.41	9
2030.89	13
2031.36	4
2031.84	9
2032.32	7
2032.79	4
2033.27	1
2033.74	1
2034.22	9
2034.70	1
2035.17	7
2035.65	1
2036.12	1
2036.60	2
2037.08	3
2037.55	1
2038.03	5
2038.50	2
2038.98	4
2039.45	3
2039.93	7
2040.41	1
2040.88	11
2041.36	3
2041.83	11
2042.31	1
2042.79	10
2043.26	10
2043.74	10
2044.21	10
2044.69	12
2045.17	10
2045.64	2
2046.12	2
2046.59	14
2047.07	11
2047.55	23
2048.02	13
2048.50	22
2048.97	6
2049.45	10
2049.93	4
2050.40	8
2050.88	5
2051.35	15
2051.83	0
2052.31	8
2052.78	8
2053.26	4
2053.73	15
2054.21	7
2054.69	16
2055.16	5
2055.64	12
2056.11	4
2056.59	7
2057.07	6
2057.54	2
2058.02	9
2058.49	4
2058.97	34
2059.44	33
2059.92	46
2060.40	54
2060.87	17
2061.35	17
2061.82	0
2062.30	19
2062.78	14
2063.25	18
2063.73	24
2064.20	18
2064.68	16
2065.16	20
2065.63	1
2066.11	11
2066.58	4
2067.06	4
2067.54	1
2068.01	8
2068.49	5
2068.96	0
2069.44	7
2069.92	33
2070.39	17
2070.87	70
2071.34	14
2071.82	106
2072.30	23
2072.77	130
2073.25	1
2073.72	90
2074.20	320
2074.68	7
2075.15	717
2075.63	36
2076.10	580
2076.58	13
2077.06	137
2077.53	66
2078.01	28
2078.48	132
2078.96	6
2079.43	129
2079.91	24
2080.39	95
2080.86	9
2081.34	54
2081.81	6
2082.29	14
2082.77	10
2083.24	9
2083.72	8
2084.19	11
2084.67	8
2085.15	8
2085.62	13
2086.10	11
2086.57	15
2087.05	9
2087.53	9
2088.00	2
2088.48	2
2088.95	17
2089.43	12
2089.91	53
2090.38	8
2090.86	56
2091.33	11
2091.81	16
2092.29	27
2092.76	8
2093.24	25
2093.71	0
2094.19	8
2094.67	7
2095.14	4
2095.62	3
2096.09	3
2096.57	0
2097.05	1
2097.52	3
2098.00	0
2098.47	10
2098.95	6
2099.42	10
2099.90	8
2100.38	13
2100.85	0
2101.33	21
2101.80	4
2102.28	22
2102.76	0
2103.23	17
2103.71	6
2104.18	21
2104.66	5
2105.14	27
2105.61	0
2106.09	18
2106.56	0
2107.04	3
2107.52	9
2107.99	14
2108.47	13
2108.94	10
2109.42	7
2109.90	6
2110.37	4
2110.85	5
2111.32	0
2111.80	3
2112.28	8
2112.75	3
2113.23	2
2113.70	6
2114.18	8
2114.66	2
2115.13	8
2115.61	0
2116.08	7
2116.56	6
2117.04	19
2117.51	12
2117.99	34
2118.46	12
2118.94	34
2119.41	12
2119.89	17
2120.37	19
2120.84	9
2121.32	29
2121.79	29
2122.27	35
2122.75	28
2123.22	28
2123.70	14
2124.17	5
2124.65	5
2125.13	17
2125.60	0
2126.08	26
2126.55	1
2127.03	22
2127.51	2
2127.98	15
2128.46	2
2128.93	5
2129.41	10
2129.89	2
2130.36	14
2130.84	0
2131.31	10
2131.79	7
2132.27	2
2132.74	4
2133.22	2
2133.69	1
2134.17	6
2134.65	2
2135.12	10
2135.60	11
2136.07	14
2136.55	8
2137.03	12
2137.50	9
2137.98	4
2138.45	26
2138.93	1
2139.40	24
2139.88	6
2140.36	13
2140.83	10
2141.31	7
2141.78	17
2142.26	4
2142.74	21
2143.21	5
2143.69	17
2144.16	14
2144.64	14
2145.12	15
2145.59	17
2146.07	12
2146.54	17
2147.02	11
2147.50	12
2147.97	4
2148.45	5
2148.92	9
2149.40	1
2149.88	18
2150.35	2
2150.83	18
2151.30	2
2151.78	14
2152.26	14
2152.73	10
2153.21	17
2153.68	10
2154.16	13
2154.64	17
2155.11	20
2155.59	28
2156.06	29
2156.54	32
2157.02	19
2157.49	20
2157.97	1
2158.44	4
2158.92	4
2159.39	2
2159.87	2
2160.35	2
2160.82	6
2161.30	1
2161.77	15
2162.25	3
2162.73	17
2163.20	6
2163.68	12
2164.15	2
2164.63	4
2165.11	4
2165.58	5
2166.06	12
2166.53	4
2167.01	16
2167.49	3
2167.96	9
2168.44	17
2168.91	1
2169.39	24
2169.87	0
2170.34	11
2170.82	5
2171.29	1
2171.77	6
2172.25	3
2172.72	11
2173.20	3
2173.67	20
2174.15	4
2174.63	21
2175.10	6
2175.58	10
2176.05	9
2176.53	3
2177.01	9
2177.48	3
2177.96	2
2178.43	4
2178.91	4
2179.38	7
2179.86	6
2180.34	14
2180.81	12
2181.29	42
2181.76	15
2182.24	76
2182.72	11
2183.19	55
2183.67	8
2184.14	5
2184.62	10
2185.10	6
2185.57	13
2186.05	7
2186.52	12
2187.00	14
2187.48	0
2187.95	12
2188.43	18
2188.90	4
2189.38	22
2189.86	5
2190.33	11
2190.81	4
2191.28	1
2191.76	14
2192.24	4
2192.71	43
2193.19	8
2193.66	66
2194.14	1
2194.62	80
2195.09	10
2195.57	76
2196.04	112
2196.52	67
2197.00	340
2197.47	104
2197.95	342
2198.42	123
2198.90	118
2199.37	38
2199.85	5
2200.33	53
2200.80	28
2201.28	70
2201.75	41
2202.23	58
2202.71	17
2203.18	50
2203.66	10
2204.13	36
2204.61	12
2205.09	15
2205.56	1
2206.04	2
2206.51	8
2206.99	4
2207.47	10
2207.94	13
2208.42	13
2208.89	15
2209.37	10
2209.85	6
2210.32	3
2210.80	5
2211.27	13
2211.75	22
2212.23	37
2212.70	29
2213.18	36
2213.65	13
2214.13	13
2214.61	0
2215.08	7
2215.56	3
2216.03	10
2216.51	6
2216.99	1
2217.46	5
2217.94	7
2218.41	0
2218.89	7
2219.36	4
2219.84	6
2220.32	5
2220.79	11
2221.27	2
2221.74	11
2222.22	2
2222.70	3
2223.17	0
2223.65	18
2224.12	9
2224.60	18
2225.08	14
2225.55	7
2226.03	3
2226.50	4
2226.98	8
2227.46	7
2227.93	3
2228.41	0
2228.88	13
2229.36	11
2229.84	19
2230.31	13
2230.79	12
2231.26	4
2231.74	11
2232.22	7
2232.69	16
2233.17	16
2233.64	11
2234.12	19
2234.60	2
2235.07	18
2235.55	4
2236.02	20
2236.50	10
2236.98	26
2237.45	16
2237.93	25
2238.40	24
2238.88	13
2239.35	24
2239.83	4
2240.31	10
2240.78	6
2241.26	2
2241.73	12
2242.21	9
2242.69	16
2243.16	6
2243.64	13
2244.11	6
2244.59	8
2245.07	16
2245.54	4
2246.02	13
2246.49	3
2246.97	3
2247.45	1
2247.92	2
2248.40	2
2248.87	5
2249.35	2
2249.83	4
2250.30	1
2250.78	4
2251.25	3
2251.73	13
2252.21	2
2252.68	8
2253.16	1
2253.63	4
2254.11	9
2254.59	13
2255.06	13
2255.54	12
2256.01	6
2256.49	5
2256.97	5
2257.44	1
2257.92	14
2258.39	0
2258.87	13
2259.34	4
2259.82	3
2260.30	7
2260.77	7
2261.25	9
2261.72	3
2262.20	9
2262.68	4
2263.15	6
2263.63	2
2264.10	5
2264.58	0
2265.06	0
2265.53	7
2266.01	9
2266.48	13
2266.96	9
2267.44	7
2267.91	3
2268.39	0
2268.86	5
2269.34	4
2269.82	9
2270.29	10
2270.77	5
2271.24	4
2271.72	3
2272.20	6
2272.67	5
2273.15	0
2273.62	3
2274.10	14
2274.58	10
2275.05	11
2275.53	11
2276.00	1
2276.48	9
2276.96	4
2277.43	9
2277.91	3
2278.38	6
2278.86	9
2279.33	5
2279.81	6
2280.29	18
2280.76	3
2281.24	14
2281.71	5
2282.19	0
2282.67	10
2283.14	4
2283.62	10
2284.09	4
2284.57	2
2285.05	3
2285.52	0
2286.00	1
2286.47	9
2286.95	9
2287.43	18
2287.90	8
2288.38	22
2288.85	3
2289.33	23
2289.81	7
2290.28	9
2290.76	2
2291.23	6
2291.71	5
2292.19	0
2292.66	1
2293.14	16
2293.61	6
2294.09	21
2294.57	4
2295.04	11
2295.52	2
2295.99	0
2296.47	0
2296.95	3
2297.42	6
2297.90	2
2298.37	10
2298.85	9
2299.32	2
2299.80	15
2300.28	7
2300.75	22
2301.23	12
2301.70	23
2302.18	10
2302.66	9
2303.13	20
2303.61	0
2304.08	51
2304.56	5
2305.04	54
2305.51	7
2305.99	14
2306.46	2
2306.94	11
2307.42	5
2307.89	9
2308.37	3
2308.84	7
2309.32	2
2309.80	9
2310.27	2
2310.75	6
2311.22	3
2311.70	0
2312.18	4
2312.65	5
2313.13	8
2313.60	20
2314.08	22
2314.56	44
2315.03	38
2315.51	64
2315.98	29
2316.46	78
2316.94	0
2317.41	76
2317.89	80
2318.36	18
2318.84	345
2319.31	58
2319.79	446
2320.27	59
2320.74	205
2321.22	41
2321.69	4
2322.17	76
2322.65	19
2323.12	108
2323.60	0
2324.07	104
2324.55	15
2325.03	76
2325.50	35
2325.98	33
2326.45	34
2326.93	4
2327.41	22
2327.88	0
2328.36	6
2328.83	8
2329.31	11
2329.79	9
2330.26	18
2330.74	5
2331.21	11
2331.69	1
2332.17	3
2332.64	6
2333.12	0
2333.59	26
2334.07	21
2334.55	42
2335.02	20
2335.50	26
2335.97	7
2336.45	0
2336.93	24
2337.40	11
2337.88	25
2338.35	15
2338.83	19
2339.30	19
2339.78	10
2340.26	11
2340.73	0
2341.21	5
2341.68	5
2342.16	9
2342.64	2
2343.11	1
2343.59	2
2344.06	0
2344.54	4
2345.02	13
2345.49	13
2345.97	12
2346.44	6
2346.92	9
2347.40	17
2347.87	16
2348.35	34
2348.82	22
2349.30	31
2349.78	17
2350.25	19
2350.73	10
2351.20	7
2351.68	1
2352.16	5
2352.63	5
2353.11	10
2353.58	7
2354.06	3
2354.54	6
2355.01	0
2355.49	5
2355.96	6
2356.44	5
2356.92	7
2357.39	7
2357.87	2
2358.34	8
2358.82	6
2359.29	1
2359.77	17
2360.25	4
2360.72	15
2361.20	1
2361.67	0
2362.15	4
2362.63	15
2363.10	6
2363.58	22
2364.05	0
2364.53	16
2365.01	12
2365.48	3
2365.96	16
2366.43	8
2366.91	8
2367.39	13
2367.86	0
2368.34	10
2368.81	3
2369.29	4
2369.77	5
2370.24	2
2370.72	9
2371.19	0
2371.67	9
2372.15	2
2372.62	5
2373.10	5
2373.57	4
2374.05	11
2374.53	1
2375.00	19
2375.48	3
2375.95	19
2376.43	2
2376.91	11
2377.38	4
2377.86	5
2378.33	2
2378.81	6
2379.28	2
2379.76	0
2380.24	3
2380.71	11
2381.19	8
2381.66	12
2382.14	12
2382.62	2
2383.09	7
2383.57	0
2384.04	2
2384.52	4
2385.00	10
2385.47	3
2385.95	14
2386.42	7
2386.90	13
2387.38	16
2387.85	8
2388.33	20
2388.80	0
2389.28	21
2389.76	7
2390.23	24
2390.71	10
2391.18	28
2391.66	10
2392.14	24
2392.61	4
2393.09	15
2393.56	0
2394.04	10
2394.52	4
2394.99	4
2395.47	9
2395.94	5
2396.42	16
2396.90	9
2397.37	16
2397.85	3
2398.32	4
2398.80	0
2399.27	6
2399.75	1
2400.23	7
2400.70	5
2401.18	2
2401.65	14
2402.13	1
2402.61	10
2403.08	1
2403.56	0
2404.03	5
2404.51	2
2404.99	1
2405.46	0
2405.94	3
2406.41	1
2406.89	0
2407.37	2
2407.84	4
2408.32	0
2408.79	2
2409.27	1
2409.75	7
2410.22	12
2410.70	12
2411.17	27
2411.65	6
2412.13	15
2412.60	2
2413.08	11
2413.55	3
2414.03	15
2414.51	9
2414.98	7
2415.46	4
2415.93	6
2416.41	6
2416.89	11
2417.36	2
2417.84	8
2418.31	16
2418.79	5
2419.26	22
2419.74	18
2420.22	12
2420.69	20
2421.17	0
2421.64	15
2422.12	5
2422.60	11
2423.07	3
2423.55	7
2424.02	0
2424.50	0
2424.98	20
2425.45	4
2425.93	68
2426.40	2
2426.88	81
2427.36	1
2427.83	31
2428.31	9
2428.78	4
2429.26	12
2429.74	18
2430.21	8
2430.69	17
2431.16	6
2431.64	2
2432.12	1
2432.59	2
2433.07	0
2433.54	1
2434.02	5
2434.50	2
2434.97	4
2435.45	9
2435.92	3
2436.40	50
2436.88	2
2437.35	100
2437.83	10
2438.30	119
2438.78	42
2439.25	96
2439.73	13
2440.21	66
2440.68	302
2441.16	127
2441.63	512
2442.11	220
2442.59	319
2443.06	135
2443.54	69
2444.01	44
2444.49	33
2444.97	112
2445.44	54
2445.92	98
2446.39	30
2446.87	82
2447.35	6
2447.82	54
2448.30	22
2448.77	12
2449.25	21
2449.73	6
2450.20	11
2450.68	1
2451.15	9
2451.63	9
2452.11	22
2452.58	14
2453.06	16
2453.53	17
2454.01	4
2454.49	16
2454.96	7
2455.44	24
2455.91	24
2456.39	37
2456.86	26
2457.34	31
2457.82	9
2458.29	14
2458.77	3
2459.24	5
2459.72	7
2460.20	1
2460.67	4
2461.15	5
2461.62	2
2462.10	4
2462.58	2
2463.05	2
2463.53	2
2464.00	7
2464.48	0
2464.96	16
2465.43	6
2465.91	16
2466.38	10
2466.86	5
2467.34	10
2467.81	2
2468.29	12
2468.76	1
2469.24	12
2469.72	1
2470.19	13
2470.67	11
2471.14	18
2471.62	21
2472.10	19
2472.57	15
2473.05	11
2473.52	3
2474.00	2
2474.48	17
2474.95	3
2475.43	13
2475.90	2
2476.38	4
2476.85	9
2477.33	4
2477.81	14
2478.28	8
2478.76	4
2479.23	10
2479.71	6
2480.19	9
2480.66	8
2481.14	7
2481.61	4
2482.09	4
2482.57	5
2483.04	5
2483.52	13
2483.99	8
2484.47	20
2484.95	7
2485.42	14
2485.90	1
2486.37	5
2486.85	5
2487.33	21
2487.80	10
2488.28	18
2488.75	12
2489.23	9
2489.71	10
2490.18	8
2490.66	3
2491.13	7
2491.61	3
2492.09	0
2492.56	3
2493.04	3
2493.51	0
2493.99	0
2494.47	1
2494.94	1
2495.42	5
2495.89	4
2496.37	7
2496.84	3
2497.32	7
2497.80	0
2498.27	0
2498.75	0
2499.22	3
2499.70	4
2500.18	1
2500.65	13
2501.13	1
2501.60	17
2502.08	5
2502.56	16
2503.03	10
2503.51	12
2503.98	20
2504.46	5
2504.94	29
2505.41	1
2505.89	28
2506.36	1
2506.84	22
2507.32	8
2507.79	19
2508.27	16
2508.74	13
2509.22	11
2509.70	5
2510.17	0
2510.65	2
2511.12	4
2511.60	1
2512.08	2
2512.55	4
2513.03	3
2513.50	13
2513.98	4
2514.46	16
2514.93	8
2515.41	8
2515.88	4
2516.36	2
2516.83	0
2517.31	5
2517.79	0
2518.26	7
2518.74	2
2519.21	0
2519.69	5
2520.17	6
2520.64	1
2521.12	1
2521.59	4
2522.07	6
2522.55	2
2523.02	8
2523.50	7
2523.97	4
2524.45	0
2524.93	0
2525.40	10
2525.88	0
2526.35	14
2526.83	2
2527.31	14
2527.78	9
2528.26	15
2528.73	11
2529.21	15
2529.69	2
2530.16	14
2530.64	19
2531.11	14
2531.59	25
2532.07	13
2532.54	23
2533.02	13
2533.49	20
2533.97	9
2534.45	15
2534.92	0
2535.40	12
2535.87	5
2536.35	8
2536.82	7
2537.30	0
2537.78	12
2538.25	13
2538.73	12
2539.20	20
2539.68	7
2540.16	20
2540.63	1
2541.11	16
2541.58	11
2542.06	9
2542.54	10
2543.01	1
2543.49	3
2543.96	0
2544.44	5
2544.92	0
2545.39	10
2545.87	4
2546.34	1
2546.82	2
2547.30	15
2547.77	33
2548.25	19
2548.72	67
2549.20	13
2549.68	40
2550.15	8
2550.63	1
2551.10	1
2551.58	7
2552.06	6
2552.53	3
2553.01	8
2553.48	9
2553.96	7
2554.44	15
2554.91	3
2555.39	14
2555.86	2
2556.34	8
2556.81	2
2557.29	1
2557.77	9
2558.24	7
2558.72	20
2559.19	24
2559.67	27
2560.15	41
2560.62	45
2561.10	35
2561.57	31
2562.05	25
2562.53	107
2563.00	114
2563.48	257
2563.95	257
2564.43	207
2564.91	207
2565.38	83
2565.86	21
2566.33	59
2566.81	47
2567.29	70
2567.76	20
2568.24	54
2568.71	10
2569.19	28
2569.67	18
2570.14	14
2570.62	17
2571.09	9
2571.57	15
2572.05	8
2572.52	19
2573.00	9
2573.47	17
2573.95	4
2574.43	15
2574.90	4
2575.38	19
2575.85	4
2576.33	19
2576.80	6
2577.28	20
2577.76	25
2578.23	31
2578.71	33
2579.18	32
2579.66	16
2580.14	19
2580.61	2
2581.09	8
2581.56	6
2582.04	2
2582.52	11
2582.99	5
2583.47	10
2583.94	9
2584.42	7
2584.90	8
2585.37	0
2585.85	8
2586.32	9
2586.80	12
2587.28	8
2587.75	11
2588.23	0
2588.70	0
2589.18	2
2589.66	6
2590.13	0
2590.61	0
2591.08	6
2591.56	8
2592.04	14
2592.51	2
2592.99	12
2593.46	6
2593.94	0
2594.42	4
2594.89	6
2595.37	28
2595.84	5
2596.32	36
2596.79	9
2597.27	20
2597.75	13
2598.22	2
2598.70	7
2599.17	1
2599.65	1
2600.13	5
2600.60	0
2601.08	9
2601.55	8
2602.03	4
2602.51	11
2602.98	5
2603.46	7
2603.93	15
2604.41	2
2604.89	22
2605.36	3
2605.84	19
2606.31	12
2606.79	4
2607.27	16
2607.74	6
2608.22	14
2608.69	8
2609.17	13
2609.65	13
2610.12	15
2610.60	22
2611.07	12
2611.55	21
2612.03	1
2612.50	14
2612.98	17
2613.45	10
2613.93	24
2614.41	11
2614.88	22
2615.36	10
2615.83	13
2616.31	6
2616.78	4
2617.26	0
2617.74	2
2618.21	6
2618.69	0
2619.16	3
2619.64	0
2620.12	3
2620.59	5
2621.07	2
2621.54	8
2622.02	2
2622.50	8
2622.97	2
2623.45	8
2623.92	0
2624.40	5
2624.88	2
2625.35	0
2625.83	8
2626.30	1
2626.78	12
2627.26	4
2627.73	7
2628.21	4
2628.68	1
2629.16	3
2629.64	3
2630.11	8
2630.59	5
2631.06	17
2631.54	25
2632.02	19
2632.49	39
2632.97	7
2633.44	33
2633.92	8
2634.40	22
2634.87	12
2635.35	19
2635.82	3
2636.30	16
2636.77	10
2637.25	9
2637.73	18
2638.20	4
2638.68	7
2639.15	3
2639.63	7
2640.11	5
2640.58	7
2641.06	6
2641.53	2
2642.01	0
2642.49	4
2642.96	8
2643.44	3
2643.91	6
2644.39	9
2644.87	3
2645.34	3
2645.82	8
2646.29	3
2646.77	4
2647.25	1
2647.72	0
2648.20	1
2648.67	4
2649.15	3
2649.63	2
2650.10	7
2650.58	9
2651.05	7
2651.53	18
2652.01	4
2652.48	15
2652.96	1
2653.43	4
2653.91	0
2654.39	11
2654.86	14
2655.34	20
2655.81	27
2656.29	15
2656.76	13
2657.24	9
2657.72	6
2658.19	10
2658.67	5
2659.14	11
2659.62	1
2660.10	15
2660.57	5
2661.05	20
2661.52	8
2662.00	19
2662.48	6
2662.95	15
2663.43	5
2663.90	9
2664.38	2
2664.86	4
2665.33	9
2665.81	0
2666.28	17
2666.76	0
2667.24	21
2667.71	0
2668.19	18
2668.66	6
2669.14	7
2669.62	51
2670.09	0
2670.57	116
2671.04	9
2671.52	97
2672.00	24
2672.47	21
2672.95	22
2673.42	5
2673.90	12
2674.38	2
2674.85	14
2675.33	2
2675.80	16
2676.28	3
2676.75	6
2677.23	8
2677.71	6
2678.18	9
2678.66	13
2679.13	6
2679.61	8
2680.09	10
2680.56	3
2681.04	27
2681.51	12
2681.99	45
2682.47	30
2682.94	49
2683.42	39
2683.89	35
2684.37	60
2684.85	62
2685.32	229
2685.80	163
2686.27	233
2686.75	185
2687.23	95
2687.70	62
2688.18	31
2688.65	25
2689.13	35
2689.61	28
2690.08	32
2690.56	27
2691.03	16
2691.51	29
2691.99	4
2692.46	15
2692.94	16
2693.41	3
2693.89	13
2694.37	3
2694.84	0
2695.32	4
2695.79	15
2696.27	1
2696.74	24
2697.22	5
2697.70	19
2698.17	12
2698.65	8
2699.12	8
2699.60	16
2700.08	4
2700.55	34
2701.03	8
2701.50	29
2701.98	1
2702.46	10
2702.93	2
2703.41	2
2703.88	1
2704.36	14
2704.84	2
2705.31	25
2705.79	8
2706.26	19
2706.74	8
2707.22	0
2707.69	0
2708.17	5
2708.64	9
2709.12	5
2709.60	7
2710.07	11
2710.55	0
2711.02	10
2711.50	2
2711.98	7
2712.45	9
2712.93	2
2713.40	6
2713.88	2
2714.36	6
2714.83	9
2715.31	18
2715.78	12
2716.26	28
2716.73	9
2717.21	29
2717.69	5
2718.16	17
2718.64	1
2719.11	6
2719.59	0
2720.07	8
2720.54	4
2721.02	14
2721.49	5
2721.97	11
2722.45	4
2722.92	1
2723.40	9
2723.87	15
2724.35	17
2724.83	18
2725.30	17
2725.78	9
2726.25	10
2726.73	2
2727.21	6
2727.68	3
2728.16	15
2728.63	9
2729.11	27
2729.59	7
2730.06	22
2730.54	3
2731.01	10
2731.49	10
2731.97	7
2732.44	5
2732.92	6
2733.39	4
2733.87	2
2734.35	6
2734.82	10
2735.30	1
2735.77	5
2736.25	6
2736.72	8
2737.20	1
2737.68	13
2738.15	13
2738.63	5
2739.10	12
2739.58	6
2740.06	0
2740.53	8
2741.01	6
2741.48	1
2741.96	0
2742.44	11
2742.91	6
2743.39	14
2743.86	9
2744.34	10
2744.82	9
2745.29	6
2745.77	4
2746.24	1
2746.72	0
2747.20	14
2747.67	0
2748.15	30
2748.62	0
2749.10	35
2749.58	0
2750.05	22
2750.53	3
2751.00	4
2751.48	10
2751.96	7
2752.43	9
2752.91	11
2753.38	0
2753.86	7
2754.34	9
2754.81	4
2755.29	16
2755.76	15
2756.24	18
2756.71	20
2757.19	12
2757.67	17
2758.14	4
2758.62	10
2759.09	6
2759.57	6
2760.05	13
2760.52	9
2761.00	10
2761.47	13
2761.95	7
2762.43	13
2762.90	12
2763.38	14
2763.85	7
2764.33	14
2764.81	3
2765.28	2
2765.76	5
2766.23	13
2766.71	3
2767.19	17
2767.66	11
2768.14	10
2768.61	9
2769.09	2
2769.57	4
2770.04	2
2770.52	1
2770.99	1
2771.47	2
2771.95	10
2772.42	2
2772.90	15
2773.37	6
2773.85	15
2774.33	15
2774.80	10
2775.28	15
2775.75	11
2776.23	4
2776.70	23
2777.18	2
2777.66	23
2778.13	12
2778.61	2
2779.08	7
2779.56	9
2780.04	13
2780.51	8
2780.99	17
2781.46	26
2781.94	6
2782.42	25
2782.89	1
2783.37	18
2783.84	1
2784.32	12
2784.80	2
2785.27	1
2785.75	3
2786.22	7
2786.70	3
2787.18	6
2787.65	4
2788.13	2
2788.60	5
2789.08	4
2789.56	8
2790.03	10
2790.51	0
2790.98	33
2791.46	23
2791.94	86
2792.41	76
2792.89	95
2793.36	77
2793.84	32
2794.32	27
2794.79	10
2795.27	7
2795.74	2
2796.22	23
2796.69	11
2797.17	40
2797.65	12
2798.12	38
2798.60	5
2799.07	18
2799.55	1
2800.03	0
2800.50	3
2800.98	0
2801.45	11
2801.93	17
2802.41	19
2802.88	40
2803.36	23
2803.83	59
2804.31	34
2804.79	61
2805.26	48
2805.74	34
2806.21	8
2806.69	61
2807.17	137
2807.64	225
2808.12	166
2808.59	314
2809.07	78
2809.55	156
2810.02	30
2810.50	11
2810.97	35
2811.45	37
2811.93	37
2812.40	18
2812.88	34
2813.35	11
2813.83	23
2814.31	2
2814.78	10
2815.26	11
2815.73	6
2816.21	13
2816.68	10
2817.16	4
2817.64	14
2818.11	1
2818.59	14
2819.06	8
2819.54	12
2820.02	19
2820.49	8
2820.97	20
2821.44	18
2821.92	9
2822.40	36
2822.87	1
2823.35	27
2823.82	4
2824.30	0
2824.78	6
2825.25	10
2825.73	13
2826.20	12
2826.68	18
2827.16	17
2827.63	17
2828.11	14
2828.58	5
2829.06	6
2829.54	13
2830.01	9
2830.49	24
2830.96	18
2831.44	22
2831.92	21
2832.39	16
2832.87	16
2833.34	14
2833.82	7
2834.30	11
2834.77	0
2835.25	7
2835.72	7
2836.20	0
2836.67	13
2837.15	5
2837.63	13
2838.10	0
2838.58	8
2839.05	5
2839.53	4
2840.01	6
2840.48	15
2840.96	6
2841.43	12
2841.91	6
2842.39	5
2842.86	1
2843.34	1
2843.81	2
2844.29	1
2844.77	1
2845.24	2
2845.72	13
2846.19	6
2846.67	13
2847.15	9
2847.62	3
2848.10	7
2848.57	0
2849.05	3
2849.53	9
2850.00	9
2850.48	16
2850.95	26
2851.43	13
2851.91	34
2852.38	6
2852.86	27
2853.33	4
2853.81	16
2854.29	7
2854.76	9
2855.24	13
2855.71	2
2856.19	15
2856.66	3
2857.14	7
2857.62	5
2858.09	0
2858.57	8
2859.04	3
2859.52	11
2860.00	16
2860.47	6
2860.95	27
2861.42	5
2861.90	19
2862.38	12
2862.85	2
2863.33	16
2863.80	15
2864.28	21
2864.76	7
2865.23	17
2865.71	3
2866.18	1
2866.66	6
2867.14	11
2867.61	0
2868.09	14
2868.56	12
2869.04	13
2869.52	18
2869.99	7
2870.47	12
2870.94	1
2871.42	7
2871.90	2
2872.37	5
2872.85	2
2873.32	4
2873.80	8
2874.28	0
2874.75	20
2875.23	2
2875.70	15
2876.18	0
2876.65	3
2877.13	1
2877.61	3
2878.08	6
2878.56	13
2879.03	16
2879.51	15
2879.99	18
2880.46	10
2880.94	13
2881.41	8
2881.89	6
2882.37	7
2882.84	2
2883.32	4
2883.79	3
2884.27	0
2884.75	10
2885.22	7
2885.70	10
2886.17	14
2886.65	2
2887.13	11
2887.60	16
2888.08	0
2888.55	15
2889.03	5
2889.51	6
2889.98	1
2890.46	4
2890.93	5
2891.41	9
2891.89	6
2892.36	11
2892.84	0
2893.31	2
2893.79	2
2894.27	14
2894.74	2
2895.22	22
2895.69	11
2896.17	13
2896.64	16
2897.12	3
2897.60	16
2898.07	8
2898.55	21
2899.02	22
2899.50	26
2899.98	26
2900.45	14
2900.93	9
2901.40	2
2901.88	6
2902.36	7
2902.83	0
2903.31	7
2903.78	13
2904.26	5
2904.74	14
2905.21	1
2905.69	9
2906.16	4
2906.64	6
2907.12	8
2907.59	6
2908.07	9
2908.54	10
2909.02	9
2909.50	7
2909.97	6
2910.45	0
2910.92	1
2911.40	0
2911.88	0
2912.35	0
2912.83	1
2913.30	6
2913.78	17
2914.26	16
2914.73	24
2915.21	12
2915.68	2
2916.16	3
2916.63	24
2917.11	5
2917.59	20
2918.06	11
2918.54	17
2919.01	12
2919.49	14
2919.97	7
2920.44	3
2920.92	0
2921.39	10
2921.87	0
2922.35	4
2922.82	5
2923.30	4
2923.77	5
2924.25	16
2924.73	6
2925.20	29
2925.68	17
2926.15	34
2926.63	35
2927.11	44
2927.58	39
2928.06	22
2928.53	46
2929.01	62
2929.49	126
2929.96	113
2930.44	202
2930.91	79
2931.39	128
2931.87	52
2932.34	7
2932.82	58
2933.29	24
2933.77	50
2934.24	15
2934.72	27
2935.20	15
2935.67	8
2936.15	11
2936.62	0
2937.10	3
2937.58	3
2938.05	14
2938.53	7
2939.00	11
2939.48	2
2939.96	6
2940.43	2
2940.91	3
2941.38	12
2941.86	2
2942.34	16
2942.81	8
2943.29	12
2943.76	22
2944.24	17
2944.72	21
2945.19	16
2945.67	6
2946.14	2
2946.62	3
2947.10	0
2947.57	5
2948.05	7
2948.52	4
2949.00	6
2949.48	0
2949.95	0
2950.43	2
2950.90	3
2951.38	3
2951.86	12
2952.33	2
2952.81	16
2953.28	0
2953.76	14
2954.23	2
2954.71	18
2955.19	2
2955.66	22
2956.14	5
2956.61	15
2957.09	0
2957.57	3
2958.04	3
2958.52	3
2958.99	3
2959.47	3
2959.95	1
2960.42	3
2960.90	1
2961.37	9
2961.85	1
2962.33	11
2962.80	6
2963.28	1
2963.75	1
2964.23	3
2964.71	13
2965.18	2
2965.66	27
2966.13	0
2966.61	29
2967.09	4
2967.56	17
2968.04	9
2968.51	6
2968.99	10
2969.47	5
2969.94	14
2970.42	4
2970.89	22
2971.37	0
2971.85	26
2972.32	4
2972.80	23
2973.27	6
2973.75	15
2974.22	7
2974.70	11
2975.18	5
2975.65	9
2976.13	4
2976.60	7
2977.08	8
2977.56	0
2978.03	8
2978.51	9
2978.98	2
2979.46	6
2979.94	1
2980.41	5
2980.89	6
2981.36	9
2981.84	14
2982.32	2
2982.79	22
2983.27	3
2983.74	21
2984.22	1
2984.70	11
2985.17	9
2985.65	0
2986.12	11
2986.60	1
2987.08	5
2987.55	1
2988.03	6
2988.50	5
2988.98	14
2989.46	9
2989.93	11
2990.41	8
2990.88	4
2991.36	0
2991.84	7
2992.31	9
2992.79	15
2993.26	18
2993.74	13
2994.21	21
2994.69	3
2995.17	13
2995.64	3
2996.12	1
2996.59	0
2997.07	8
2997.55	10
2998.02	17
2998.50	14
2998.97	12
2999.45	9
2999.93	9
3000.40	4
3000.88	23
3001.35	2
3001.83	15
3002.31	8
3002.78	6
3003.26	3
3003.73	7
3004.21	4
3004.69	8
3005.16	2
3005.64	6
3006.11	0
3006.59	7
3007.07	12
3007.54	1
3008.02	21
3008.49	12
3008.97	14
3009.45	14
3009.92	1
3010.40	4
3010.87	0
3011.35	6
3011.83	4
3012.30	12
3012.78	5
3013.25	12
3013.73	4
3014.20	10
3014.68	2
3015.16	11
3015.63	0
3016.11	17
3016.58	1
3017.06	23
3017.54	6
3018.01	20
3018.49	5
3018.96	13
3019.44	6
3019.92	8
3020.39	17
3020.87	7
3021.34	8
3021.82	8
3022.30	1
3022.77	5
3023.25	3
3023.72	2
3024.20	5
3024.68	9
3025.15	0
3025.63	11
3026.10	2
3026.58	10
3027.06	7
3027.53	8
3028.01	9
3028.48	9
3028.96	9
3029.44	8
3029.91	9
3030.39	9
3030.86	9
3031.34	26
3031.82	13
3032.29	16
3032.77	18
3033.24	0
3033.72	19
3034.19	4
3034.67	12
3035.15	1
3035.62	11
3036.10	65
3036.57	15
3037.05	126
3037.53	7
3038.00	97
3038.48	37
3038.95	44
3039.43	39
3039.91	34
3040.38	31
3040.86	32
3041.33	28
3041.81	18
3042.29	22
3042.76	2
3043.24	13
3043.71	7
3044.19	6
3044.67	5
3045.14	4
3045.62	3
3046.09	15
3046.57	13
3047.05	22
3047.52	29
3048.00	35
3048.47	38
3048.95	59
3049.43	25
3049.90	50
3050.38	20
3050.85	55
3051.33	128
3051.81	170
3052.28	281
3052.76	150
3053.23	227
3053.71	81
3054.18	39
3054.66	68
3055.14	38
3055.61	70
3056.09	25
3056.56	54
3057.04	14
3057.52	30
3057.99	18
3058.47	12
3058.94	15
3059.42	6
3059.90	8
3060.37	5
3060.85	6
3061.32	1
3061.80	1
3062.28	1
3062.75	0
3063.23	1
3063.70	9
3064.18	8
3064.66	15
3065.13	11
3065.61	8
3066.08	7
3066.56	0
3067.04	23
3067.51	2
3067.99	10
3068.46	3
3068.94	4
3069.42	6
3069.89	4
3070.37	7
3070.84	0
3071.32	2
3071.80	0
3072.27	5
3072.75	1
3073.22	7
3073.70	0
3074.17	8
3074.65	6
3075.13	8
3075.60	9
3076.08	2
3076.55	3
3077.03	5
3077.51	1
3077.98	7
3078.46	6
3078.93	6
3079.41	4
3079.89	5
3080.36	9
3080.84	2
3081.31	16
3081.79	8
3082.27	9
3082.74	1
3083.22	6
3083.69	3
3084.17	5
3084.65	2
3085.12	3
3085.60	9
3086.07	3
3086.55	8
3087.03	3
3087.50	4
3087.98	3
3088.45	1
3088.93	4
3089.41	6
3089.88	2
3090.36	9
3090.83	2
3091.31	9
3091.79	5
3092.26	4
3092.74	2
3093.21	3
3093.69	0
3094.16	7
3094.64	7
3095.12	4
3095.59	15
3096.07	0
3096.54	9
3097.02	2
3097.50	4
3097.97	6
3098.45	9
3098.92	10
3099.40	7
3099.88	11
3100.35	8
3100.83	12
3101.30	5
3101.78	8
3102.26	6
3102.73	4
3103.21	14
3103.68	11
3104.16	16
3104.64	8
3105.11	12
3105.59	4
3106.06	4
3106.54	3
3107.02	1
3107.49	4
3107.97	0
3108.44	16
3108.92	0
3109.40	20
3109.87	3
3110.35	18
3110.82	10
3111.30	17
3111.78	12
3112.25	18
3112.73	7
3113.20	13
3113.68	7
3114.15	8
3114.63	16
3115.11	8
3115.58	18
3116.06	9
3116.53	8
3117.01	11
3117.49	2
3117.96	10
3118.44	2
3118.91	5
3119.39	0
3119.87	1
3120.34	4
3120.82	4
3121.29	15
3121.77	9
3122.25	21
3122.72	9
3123.20	13
3123.67	4
3124.15	1
3124.63	7
3125.10	5
3125.58	12
3126.05	11
3126.53	7
3127.01	12
3127.48	2
3127.96	6
3128.43	8
3128.91	5
3129.39	9
3129.86	7
3130.34	0
3130.81	0
3131.29	17
3131.77	8
3132.24	19
3132.72	6
3133.19	4
3133.67	7
3134.14	3
3134.62	15
3135.10	1
3135.57	17
3136.05	0
3136.52	5
3137.00	1
3137.48	10
3137.95	0
3138.43	13
3138.90	3
3139.38	4
3139.86	8
3140.33	0
3140.81	7
3141.28	6
3141.76	1
3142.24	10
3142.71	3
3143.19	0
3143.66	7
3144.14	9
3144.62	22
3145.09	4
3145.57	15
3146.04	2
3146.52	0
3147.00	4
3147.47	2
3147.95	7
3148.42	3
3148.90	4
3149.38	7
3149.85	2
3150.33	10
3150.80	9
3151.28	8
3151.76	17
3152.23	4
3152.71	10
3153.18	1
3153.66	12
3154.13	13
3154.61	34
3155.09	26
3155.56	35
3156.04	34
3156.51	29
3156.99	22
3157.47	78
3157.94	38
3158.42	160
3158.89	110
3159.37	131
3159.85	105
3160.32	18
3160.80	57
3161.27	27
3161.75	36
3162.23	12
3162.70	33
3163.18	2
3163.65	30
3164.13	2
3164.61	19
3165.08	1
3165.56	8
3166.03	0
3166.51	12
3166.99	2
3167.46	17
3167.94	8
3168.41	10
3168.89	27
3169.37	10
3169.84	46
3170.32	13
3170.79	56
3171.27	0
3171.75	50
3172.22	7
3172.70	38
3173.17	103
3173.65	56
3174.12	315
3174.60	74
3175.08	328
3175.55	26
3176.03	122
3176.50	39
3176.98	7
3177.46	56
3177.93	20
3178.41	43
3178.88	33
3179.36	25
3179.84	19
3180.31	10
3180.79	5
3181.26	2
3181.74	3
3182.22	1
3182.69	4
3183.17	5
3183.64	2
3184.12	5
3184.60	0
3185.07	4
3185.55	4
3186.02	12
3186.50	9
3186.98	16
3187.45	6
3187.93	6
3188.40	6
3188.88	32
3189.36	5
3189.83	24
3190.31	1
3190.78	4
3191.26	7
3191.74	0
3192.21	3
3192.69	1
3193.16	3
3193.64	3
3194.11	7
3194.59	8
3195.07	12
3195.54	8
3196.02	19
3196.49	7
3196.97	18
3197.45	8
3197.92	2
3198.40	1
3198.87	8
3199.35	7
3199.83	3
3200.30	8
3200.78	5
3201.25	4
3201.73	6
3202.21	5
3202.68	1
3203.16	13
3203.63	11
3204.11	10
3204.59	11
3205.06	3
3205.54	5
3206.01	9
3206.49	4
3206.97	5
3207.44	1
3207.92	0
3208.39	11
3208.87	8
3209.35	19
3209.82	12
3210.30	18
3210.77	3
3211.25	15
3211.73	6
3212.20	7
3212.68	5
3213.15	3
3213.63	3
3214.10	7
3214.58	4
3215.06	0
3215.53	2
3216.01	5
3216.48	2
3216.96	2
3217.44	7
3217.91	5
3218.39	8
3218.86	0
3219.34	3
3219.82	2
3220.29	2
3220.77	6
3221.24	7
3221.72	11
3222.20	5
3222.67	9
3223.15	0
3223.62	6
3224.10	1
3224.58	6
3225.05	0
3225.53	0
3226.00	1
3226.48	9
3226.96	4
3227.43	12
3227.91	4
3228.38	9
3228.86	10
3229.34	8
3229.81	22
3230.29	5
3230.76	23
3231.24	1
3231.72	16
3232.19	6
3232.67	17
3233.14	2
3233.62	16
3234.09	1
3234.57	6
3235.05	7
3235.52	0
3236.00	4
3236.47	0
3236.95	7
3237.43	5
3237.90	15
3238.38	4
3238.85	13
3239.33	2
3239.81	10
3240.28	6
3240.76	5
3241.23	9
3241.71	2
3242.19	6
3242.66	4
3243.14	0
3243.61	3
3244.09	4
3244.57	12
3245.04	1
3245.52	20
3245.99	7
3246.47	15
3246.95	16
3247.42	7
3247.90	20
3248.37	1
3248.85	21
3249.33	8
3249.80	20
3250.28	13
3250.75	21
3251.23	6
3251.71	21
3252.18	4
3252.66	13
3253.13	6
3253.61	0
3254.08	0
3254.56	7
3255.04	4
3255.51	5
3255.99	6
3256.46	2
3256.94	9
3257.42	2
3257.89	4
3258.37	4
3258.84	9
3259.32	5
3259.80	16
3260.27	0
3260.75	7
3261.22	0
3261.70	1
3262.18	5
3262.65	0
3263.13	4
3263.60	5
3264.08	4
3264.56	1
3265.03	7
3265.51	2
3265.98	1
3266.46	10
3266.94	14
3267.41	6
3267.89	9
3268.36	4
3268.84	6
3269.32	4
3269.79	15
3270.27	3
3270.74	8
3271.22	5
3271.70	5
3272.17	0
3272.65	14
3273.12	6
3273.60	14
3274.07	4
3274.55	13
3275.03	9
3275.50	8
3275.98	25
3276.45	6
3276.93	34
3277.41	12
3277.88	39
3278.36	3
3278.83	39
3279.31	22
3279.79	37
3280.26	89
3280.74	45
3281.21	104
3281.69	42
3282.17	33
3282.64	6
3283.12	15
3283.59	23
3284.07	10
3284.55	27
3285.02	1
3285.50	26
3285.97	3
3286.45	23
3286.93	6
3287.40	13
3287.88	14
3288.35	7
3288.83	13
3289.31	5
3289.78	6
3290.26	3
3290.73	12
3291.21	1
3291.69	30
3292.16	12
3292.64	38
3293.11	19
3293.59	32
3294.06	16
3294.54	39
3295.02	15
3295.49	91
3295.97	85
3296.44	123
3296.92	112
3297.40	68
3297.87	60
3298.35	1
3298.82	16
3299.30	10
3299.78	15
3300.25	0
3300.73	18
3301.20	0
3301.68	6
3302.16	2
3302.63	4
3303.11	0
3303.58	2
3304.06	2
3304.54	3
3305.01	1
3305.49	8
3305.96	4
3306.44	12
3306.92	0
3307.39	10
3307.87	4
3308.34	2
3308.82	3
3309.30	3
3309.77	3
3310.25	16
3310.72	11
3311.20	30
3311.68	10
3312.15	24
3312.63	7
3313.10	6
3313.58	10
3314.05	6
3314.53	13
3315.01	14
3315.48	12
3315.96	19
3316.43	14
3316.91	14
3317.39	14
3317.86	6
3318.34	5
3318.81	2
3319.29	2
3319.77	1
3320.24	2
3320.72	8
3321.19	4
3321.67	9
3322.15	4
3322.62	0
3323.10	0
3323.57	11
3324.05	5
3324.53	18
3325.00	19
3325.48	21
3325.95	25
3326.43	9
3326.91	14
3327.38	8
3327.86	0
3328.33	7
3328.81	10
3329.29	5
3329.76	13
3330.24	9
3330.71	10
3331.19	6
3331.67	1
3332.14	2
3332.62	4
3333.09	6
3333.57	1
3334.04	3
3334.52	6
3335.00	1
3335.47	0
3335.95	4
3336.42	1
3336.90	0
3337.38	11
3337.85	7
3338.33	18
3338.80	4
3339.28	21
3339.76	4
3340.23	17
3340.71	8
3341.18	5
3341.66	5
3342.14	3
3342.61	5
3343.09	8
3343.56	14
3344.04	1
3344.52	10
3344.99	16
3345.47	2
3345.94	21
3346.42	1
3346.90	4
3347.37	2
3347.85	12
3348.32	0
3348.80	15
3349.28	1
3349.75	13
3350.23	2
3350.70	18
3351.18	0
3351.66	20
3352.13	5
3352.61	16
3353.08	6
3353.56	13
3354.03	2
3354.51	9
3354.99	9
3355.46	3
3355.94	8
3356.41	2
3356.89	2
3357.37	4
3357.84	3
3358.32	2
3358.79	7
3359.27	3
3359.75	6
3360.22	14
3360.70	8
3361.17	22
3361.65	12
3362.13	17
3362.60	14
3363.08	3
3363.55	17
3364.03	6
3364.51	18
3364.98	1
3365.46	7
3365.93	4
3366.41	7
3366.89	2
3367.36	11
3367.84	10
3368.31	5
3368.79	7
3369.27	3
3369.74	2
3370.22	3
3370.69	7
3371.17	2
3371.65	2
3372.12	5
3372.60	9
3373.07	5
3373.55	15
3374.02	8
3374.50	6
3374.98	25
3375.45	7
3375.93	22
3376.40	11
3376.88	1
3377.36	2
3377.83	8
3378.31	10
3378.78	0
3379.26	16
3379.74	4
3380.21	11
3380.69	5
3381.16	8
3381.64	16
3382.12	14
3382.59	14
3383.07	11
3383.54	12
3384.02	1
3384.50	15
3384.97	10
3385.45	11
3385.92	2
3386.40	0
3386.88	8
3387.35	1
3387.83	9
3388.30	8
3388.78	5
3389.26	5
3389.73	1
3390.21	1
3390.68	3
3391.16	8
3391.64	7
3392.11	9
3392.59	6
3393.06	0
3393.54	0
3394.01	8
3394.49	4
3394.97	7
3395.44	7
3395.92	2
3396.39	10
3396.87	16
3397.35	9
3397.82	30
3398.30	0
3398.77	35
3399.25	6
3399.73	32
3400.20	2
3400.68	29
3401.15	4
3401.63	19
3402.11	40
3402.58	0
3403.06	63
3403.53	3
3404.01	34
3404.49	9
3404.96	5
3405.44	7
3405.91	2
3406.39	3
3406.87	0
3407.34	8
3407.82	3
3408.29	6
3408.77	2
3409.25	3
3409.72	0
3410.20	4
3410.67	5
3411.15	4
3411.63	13
3412.10	2
3412.58	14
3413.05	4
3413.53	17
3414.00	18
3414.48	35
3414.96	31
3415.43	54
3415.91	23
3416.38	30
3416.86	31
3417.34	41
3417.81	117
3418.29	80
3418.76	187
3419.24	54
3419.72	115
3420.19	32
3420.67	17
3421.14	30
3421.62	5
3422.10	21
3422.57	18
3423.05	14
3423.52	11
3424.00	6
3424.48	5
3424.95	3
3425.43	8
3425.90	5
3426.38	8
3426.86	1
3427.33	4
3427.81	2
3428.28	3
3428.76	5
3429.24	2
3429.71	3
3430.19	0
3430.66	1
3431.14	5
3431.61	10
3432.09	4
3432.57	18
3433.04	9
3433.52	15
3433.99	23
3434.47	3
3434.95	21
3435.42	0
3435.90	12
3436.37	9
3436.85	5
3437.33	10
3437.80	2
3438.28	2
3438.75	3
3439.23	15
3439.71	1
3440.18	18
3440.66	4
3441.13	13
3441.61	4
3442.09	7
3442.56	5
3443.04	4
3443.51	11
3443.99	2
3444.47	17
3444.94	1
3445.42	15
3445.89	0
3446.37	2
3446.85	11
3447.32	18
3447.80	16
3448.27	24
3448.75	2
3449.23	11
3449.70	12
3450.18	3
3450.65	9
3451.13	5
3451.60	0
3452.08	6
3452.56	5
3453.03	3
3453.51	13
3453.98	1
3454.46	23
3454.94	0
3455.41	21
3455.89	10
3456.36	11
3456.84	18
3457.32	1
3457.79	14
3458.27	9
3458.74	3
3459.22	15
3459.70	3
3460.17	10
3460.65	5
3461.12	6
3461.60	6
3462.08	11
3462.55	4
3463.03	16
3463.50	0
3463.98	14
3464.46	3
3464.93	9
3465.41	7
3465.88	8
3466.36	12
3466.84	7
3467.31	13
3467.79	4
3468.26	8
3468.74	5
3469.22	2
3469.69	10
3470.17	0
3470.64	4
3471.12	0
3471.59	18
3472.07	0
3472.55	36
3473.02	2
3473.50	33
3473.97	5
3474.45	14
3474.93	7
3475.40	3
3475.88	2
3476.35	6
3476.83	0
3477.31	0
3477.78	3
3478.26	4
3478.73	1
3479.21	3
3479.69	7
3480.16	2
3480.64	14
3481.11	3
3481.59	12
3482.07	0
3482.54	4
3483.02	3
3483.49	2
3483.97	2
3484.45	8
3484.92	3
3485.40	7
3485.87	12
3486.35	4
3486.83	15
3487.30	11
3487.78	9
3488.25	5
3488.73	4
3489.21	1
3489.68	2
3490.16	4
3490.63	5
3491.11	20
3491.58	18
3492.06	30
3492.54	19
3493.01	21
3493.49	2
3493.96	7
3494.44	14
3494.92	7
3495.39	14
3495.87	17
3496.34	0
3496.82	14
3497.30	10
3497.77	2
3498.25	5
3498.72	6
3499.20	0
3499.68	15
3500.15	1
3500.63	22
3501.10	5
3501.58	13
3502.06	13
3502.53	6
3503.01	11
3503.48	14
3503.96	8
3504.44	6
3504.91	4
3505.39	4
3505.86	4
3506.34	4
3506.82	7
3507.29	3
3507.77	0
3508.24	5
3508.72	5
3509.20	6
3509.67	0
3510.15	15
3510.62	7
3511.10	10
3511.57	15
3512.05	5
3512.53	21
3513.00	1
3513.48	20
3513.95	10
3514.43	14
3514.91	4
3515.38	12
3515.86	2
3516.33	16
3516.81	5
3517.29	18
3517.76	7
3518.24	16
3518.71	5
3519.19	18
3519.67	14
3520.14	25
3520.62	1
3521.09	23
3521.57	19
3522.05	8
3522.52	25
3523.00	15
3523.47	4
3523.95	93
3524.43	34
3524.90	164
3525.38	48
3525.85	104
3526.33	30
3526.81	4
3527.28	19
3527.76	18
3528.23	21
3528.71	4
3529.19	17
3529.66	4
3530.14	5
3530.61	3
3531.09	8
3531.56	3
3532.04	14
3532.52	9
3532.99	11
3533.47	3
3533.94	4
3534.42	17
3534.90	2
3535.37	47
3535.85	3
3536.32	70
3536.80	5
3537.28	76
3537.75	18
3538.23	64
3538.70	2
3539.18	69
3539.66	141
3540.13	106
3540.61	309
3541.08	82
3541.56	245
3542.04	12
3542.51	60
3542.99	65
3543.46	1
3543.94	64
3544.42	19
3544.89	56
3545.37	25
3545.84	43
3546.32	11
3546.80	20
3547.27	5
3547.75	4
3548.22	11
3548.70	3
3549.18	14
3549.65	3
3550.13	10
3550.60	4
3551.08	5
3551.55	11
3552.03	4
3552.51	10
3552.98	6
3553.46	9
3553.93	9
3554.41	22
3554.89	18
3555.36	25
3555.84	22
3556.31	9
3556.79	3
3557.27	0
3557.74	15
3558.22	2
3558.69	18
3559.17	2
3559.65	11
3560.12	3
3560.60	0
3561.07	9
3561.55	15
3562.03	6
3562.50	21
3562.98	3
3563.45	8
3563.93	8
3564.41	12
3564.88	5
3565.36	20
3565.83	0
3566.31	16
3566.79	4
3567.26	10
3567.74	8
3568.21	9
3568.69	2
3569.17	10
3569.64	4
3570.12	9
3570.59	3
3571.07	5
3571.54	15
3572.02	3
3572.50	16
3572.97	4
3573.45	11
3573.92	0
3574.40	8
3574.88	2
3575.35	2
3575.83	4
3576.30	5
3576.78	9
3577.26	4
3577.73	17
3578.21	0
3578.68	16
3579.16	4
3579.64	6
3580.11	12
3580.59	5
3581.06	15
3581.54	15
3582.02	13
3582.49	15
3582.97	8
3583.44	8
3583.92	0
3584.40	2
3584.87	5
3585.35	15
3585.82	5
3586.30	23
3586.78	5
3587.25	18
3587.73	3
3588.20	8
3588.68	3
3589.16	5
3589.63	14
3590.11	7
3590.58	16
3591.06	6
3591.53	6
3592.01	6
3592.49	2
3592.96	6
3593.44	7
3593.91	3
3594.39	13
3594.87	3
3595.34	15
3595.82	5
3596.29	18
3596.77	3
3597.25	23
3597.72	1
3598.20	18
3598.67	0
3599.15	6
3599.63	12
3600.10	1
3600.58	24
3601.05	2
3601.53	27
3602.01	0
3602.48	26
3602.96	3
3603.43	23
3603.91	7
3604.39	17
3604.86	9
3605.34	12
3605.81	10
3606.29	13
3606.77	11
3607.24	14
3607.72	12
3608.19	12
3608.67	12
3609.15	11
3609.62	7
3610.10	9
3610.57	3
3611.05	6
3611.52	3
3612.00	9
3612.48	0
3612.95	16
3613.43	5
3613.90	11
3614.38	10
3614.86	0
3615.33	9
3615.81	3
3616.28	5
3616.76	1
3617.24	0
3617.71	0
3618.19	4
3618.66	0
3619.14	0
3619.62	5
3620.09	7
3620.57	11
3621.04	8
3621.52	13
3622.00	0
3622.47	10
3622.95	8
3623.42	1
3623.90	5
3624.38	8
3624.85	5
3625.33	13
3625.80	9
3626.28	12
3626.76	6
3627.23	10
3627.71	4
3628.18	2
3628.66	2
3629.14	0
3629.61	6
3630.09	5
3630.56	6
3631.04	5
3631.51	7
3631.99	11
3632.47	20
3632.94	24
3633.42	28
3633.89	11
3634.37	26
3634.85	2
3635.32	11
3635.80	0
3636.27	1
3636.75	9
3637.23	1
3637.70	13
3638.18	6
3638.65	9
3639.13	2
3639.61	0
3640.08	5
3640.56	8
3641.03	11
3641.51	1
3641.99	14
3642.46	17
3642.94	15
3643.41	33
3643.89	20
3644.37	38
3644.84	19
3645.32	28
3645.79	44
3646.27	21
3646.75	143
3647.22	27
3647.70	135
3648.17	15
3648.65	44
3649.13	23
3649.60	5
3650.08	40
3650.55	8
3651.03	31
3651.50	8
3651.98	21
3652.46	3
3652.93	13
3653.41	0
3653.88	7
3654.36	1
3654.84	7
3655.31	2
3655.79	9
3656.26	3
3656.74	1
3657.22	17
3657.69	12
3658.17	22
3658.64	24
3659.12	13
3659.60	38
3660.07	7
3660.55	47
3661.02	56
3661.50	7
3661.98	167
3662.45	66
3662.93	180
3663.40	82
3663.88	55
3664.36	45
3664.83	28
3665.31	28
3665.78	26
3666.26	28
3666.74	18
3667.21	23
3667.69	23
3668.16	15
3668.64	21
3669.12	5
3669.59	13
3670.07	5
3670.54	2
3671.02	16
3671.49	7
3671.97	22
3672.45	13
3672.92	17
3673.40	9
3673.87	11
3674.35	2
3674.83	10
3675.30	2
3675.78	10
3676.25	11
3676.73	15
3677.21	15
3677.68	21
3678.16	14
3678.63	13
3679.11	14
3679.59	7
3680.06	9
3680.54	12
3681.01	3
3681.49	11
3681.97	5
3682.44	8
3682.92	11
3683.39	9
3683.87	10
3684.35	9
3684.82	0
3685.30	5
3685.77	8
3686.25	4
3686.73	10
3687.20	13
3687.68	5
3688.15	13
3688.63	0
3689.11	6
3689.58	2
3690.06	0
3690.53	1
3691.01	1
3691.48	11
3691.96	1
3692.44	20
3692.91	6
3693.39	12
3693.86	10
3694.34	3
3694.82	10
3695.29	7
3695.77	5
3696.24	9
3696.72	2
3697.20	2
3697.67	4
3698.15	14
3698.62	4
3699.10	15
3699.58	2
3700.05	6
3700.53	1
3701.00	2
3701.48	4
3701.96	3
3702.43	13
3702.91	2
3703.38	16
3703.86	5
3704.34	8
3704.81	0
3705.29	4
3705.76	3
3706.24	12
3706.72	2
3707.19	7
3707.67	13
3708.14	0
3708.62	14
3709.10	0
3709.57	6
3710.05	4
3710.52	0
3711.00	3
3711.47	8
3711.95	0
3712.43	16
3712.90	0
3713.38	10
3713.85	3
3714.33	2
3714.81	2
3715.28	0
3715.76	0
3716.23	13
3716.71	4
3717.19	16
3717.66	6
3718.14	8
3718.61	0
3719.09	2
3719.57	18
3720.04	1
3720.52	29
3720.99	8
3721.47	22
3721.95	20
3722.42	9
3722.90	27
3723.37	0
3723.85	21
3724.33	3
3724.80	7
3725.28	2
3725.75	8
3726.23	6
3726.71	18
3727.18	12
3727.66	19
3728.13	14
3728.61	18
3729.09	15
3729.56	19
3730.04	17
3730.51	11
3730.99	11
3731.46	2
3731.94	5
3732.42	2
3732.89	24
3733.37	4
3733.84	24
3734.32	3
3734.80	8
3735.27	1
3735.75	0
3736.22	2
3736.70	1
3737.18	2
3737.65	5
3738.13	1
3738.60	5
3739.08	3
3739.56	3
3740.03	8
3740.51	10
3740.98	2
3741.46	12
3741.94	9
3742.41	8
3742.89	10
3743.36	4
3743.84	0
3744.32	2
3744.79	11
3745.27	12
3745.74	11
3746.22	16
3746.70	5
3747.17	11
3747.65	5
3748.12	10
3748.60	5
3749.08	8
3749.55	1
3750.03	3
3750.50	2
3750.98	13
3751.45	4
3751.93	9
3752.41	7
3752.88	4
3753.36	12
3753.83	13
3754.31	12
3754.79	21
3755.26	15
3755.74	5
3756.21	20
3756.69	13
3757.17	13
3757.64	10
3758.12	2
3758.59	1
3759.07	0
3759.55	4
3760.02	0
3760.50	3
3760.97	2
3761.45	9
3761.93	9
3762.40	5
3762.88	11
3763.35	3
3763.83	8
3764.31	12
3764.78	6
3765.26	21
3765.73	0
3766.21	28
3766.69	11
3767.16	25
3767.64	28
3768.11	31
3768.59	129
3769.07	66
3769.54	156
3770.02	72
3770.49	67
3770.97	14
3771.44	1
3771.92	33
3772.40	1
3772.87	35
3773.35	13
3773.82	25
3774.30	14
3774.78	14
3775.25	2
3775.73	1
3776.20	10
3776.68	12
3777.16	13
3777.63	11
3778.11	1
3778.58	7
3779.06	12
3779.54	13
3780.01	15
3780.49	25
3780.96	9
3781.44	35
3781.92	0
3782.39	42
3782.87	3
3783.34	22
3783.82	42
3784.30	33
3784.77	73
3785.25	61
3785.72	36
3786.20	41
3786.68	7
3787.15	26
3787.63	10
3788.10	21
3788.58	7
3789.06	11
3789.53	14
3790.01	10
3790.48	8
3790.96	13
3791.43	7
3791.91	9
3792.39	13
3792.86	3
3793.34	4
3793.81	0
3794.29	4
3794.77	0
3795.24	3
3795.72	1
3796.19	9
3796.67	2
3797.15	17
3797.62	18
3798.10	7
3798.57	21
3799.05	2
3799.53	2
3800.00	5
3800.48	7
3800.95	9
3801.43	1
3801.91	6
3802.38	1
3802.86	0
3803.33	1
3803.81	3
3804.29	1
3804.76	0
3805.24	6
3805.71	2
3806.19	3
3806.67	8
3807.14	3
3807.62	7
3808.09	0
3808.57	2
3809.05	7
3809.52	4
3810.00	7
3810.47	3
3810.95	0
3811.42	7
3811.90	3
3812.38	1
3812.85	3
3813.33	5
3813.80	4
3814.28	8
3814.76	7
3815.23	11
3815.71	6
3816.18	10
3816.66	4
3817.14	3
3817.61	7
3818.09	2
3818.56	6
3819.04	3
3819.52	3
3819.99	15
3820.47	9
3820.94	18
3821.42	5
3821.90	14
3822.37	0
3822.85	10
3823.32	2
3823.80	4
3824.28	0
3824.75	0
3825.23	5
3825.70	0
3826.18	14
3826.66	1
3827.13	20
3827.61	8
3828.08	22
3828.56	13
3829.04	22
3829.51	9
3829.99	15
3830.46	2
3830.94	1
3831.41	5
3831.89	7
3832.37	8
3832.84	7
3833.32	5
3833.79	6
3834.27	1
3834.75	4
3835.22	1
3835.70	0
3836.17	4
3836.65	4
3837.13	13
3837.60	3
3838.08	14
3838.55	3
3839.03	3
3839.51	6
3839.98	11
3840.46	4
3840.93	19
3841.41	3
3841.89	14
3842.36	2
3842.84	3
3843.31	4
3843.79	7
3844.27	11
3844.74	11
3845.22	10
3845.69	6
3846.17	6
3846.65	1
3847.12	13
3847.60	6
3848.07	23
3848.55	4
3849.03	20
3849.50	1
3849.98	8
3850.45	1
3850.93	0
3851.40	1
3851.88	2
3852.36	2
3852.83	1
3853.31	0
3853.78	3
3854.26	3
3854.74	5
3855.21	2
3855.69	16
3856.16	3
3856.64	13
3857.12	11
3857.59	5
3858.07	12
3858.54	6
3859.02	9
3859.50	9
3859.97	11
3860.45	12
3860.92	24
3861.40	13
3861.88	31
3862.35	8
3862.83	19
3863.30	3
3863.78	1
3864.26	4
3864.73	7
3865.21	5
3865.68	6
3866.16	3
3866.64	3
3867.11	1
3867.59	2
3868.06	0
3868.54	2
3869.02	0
3869.49	6
3869.97	1
3870.44	18
3870.92	1
3871.39	20
3871.87	1
3872.35	12
3872.82	5
3873.30	4
3873.77	11
3874.25	3
3874.73	14
3875.20	4
3875.68	20
3876.15	5
3876.63	27
3877.11	7
3877.58	20
3878.06	7
3878.53	9
3879.01	18
3879.49	11
3879.96	16
3880.44	20
3880.91	8
3881.39	20
3881.87	2
3882.34	9
3882.82	1
3883.29	3
3883.77	1
3884.25	10
3884.72	2
3885.20	7
3885.67	7
3886.15	0
3886.63	11
3887.10	6
3887.58	22
3888.05	16
3888.53	39
3889.01	19
3889.48	24
3889.96	22
3890.43	53
3890.91	67
3891.38	99
3891.86	104
3892.34	52
3892.81	50
3893.29	10
3893.76	21
3894.24	19
3894.72	30
3895.19	37
3895.67	16
3896.14	38
3896.62	5
3897.10	22
3897.57	3
3898.05	0
3898.52	5
