0	273
1	273
2	273
3	273
4	273
5	273
6	273
7	273
8	273
9	273
10	273
11	280
12	308
13	333
14	357
15	379
16	400
17	418
18	435
19	452
20	467
21	480
22	493
23	505
24	516
25	522
26	525
27	525
28	525
29	525
30	525
31	525
32	525
33	525
34	525
35	525
36	525
37	525
38	525
39	525
40	525
41	525
42	525
43	525
44	525
45	525
46	525
47	525
48	525
49	525
50	525
51	525
52	525
53	525
54	525
55	525
56	525
57	525
58	525
59	525
60	525
61	525
62	525
63	525
64	525
65	525
66	525
67	525
68	525
69	525
70	525
71	525
72	525
73	525
74	525
75	525
76	525
77	525
78	525
79	525
80	525
81	525
82	525
83	525
84	525
85	525
86	525
87	525
88	525
89	525
90	528
91	528
92	528
93	528
94	528
95	528
96	528
97	528
98	528
99	528
100	528
101	528
102	528
103	528
104	528
105	528
106	528
107	528
108	528
109	528
110	528
111	528
112	528
113	528
114	528
115	528
116	528
117	528
118	528
119	528
120	528
121	528
122	528
123	528
124	528
125	528
126	528
127	528
128	528
129	528
130	528
131	528
132	528
133	528
134	528
135	528
136	528
137	528
138	528
139	528
140	528
141	528
142	528
143	528
144	528
145	528
146	528
147	528
148	528
149	528
150	528
151	528
152	528
153	530
154	531
155	531
156	531
157	531
158	531
159	531
160	531
161	531
162	531
163	531
164	531
165	531
166	531
167	531
168	531
169	531
170	531
171	531
172	531
173	531
174	531
175	531
176	531
177	531
178	531
179	531
180	531
181	531
182	531
183	531
184	531
185	531
186	531
187	531
188	531
189	531
190	531
191	531
192	531
193	531
194	531
195	531
196	531
197	531
198	531
199	531
200	531
201	531
202	531
203	531
204	531
205	531
206	531
207	531
208	531
209	531
210	531
211	531
212	531
213	531
214	531
215	531
216	534
217	538
218	539
219	539
220	539
221	539
222	539
223	539
224	539
225	539
226	539
227	539
228	539
229	539
230	539
231	539
232	539
233	539
234	539
235	539
236	539
237	539
238	539
239	539
240	539
241	539
242	539
243	539
244	539
245	539
246	539
247	539
248	539
249	539
250	539
251	539
252	539
253	539
254	539
255	539
256	539
257	539
258	539
259	539
260	539
261	539
262	539
263	539
264	539
265	539
266	539
267	539
268	539
269	539
270	539
271	539
272	539
273	539
274	539
275	539
276	539
277	539
278	539
279	539
280	546
281	549
282	549
283	549
284	549
285	549
286	549
287	549
288	549
289	549
290	549
291	549
292	549
293	549
294	549
295	549
296	549
297	549
298	549
299	549
300	549
301	549
302	549
303	549
304	549
305	549
306	549
307	549
308	549
309	549
310	549
311	549
312	549
313	549
314	549
315	549
316	549
317	549
318	549
319	549
320	549
321	549
322	549
323	549
324	549
325	549
326	549
327	549
328	549
329	549
330	549
331	549
332	549
333	549
334	549
335	549
336	549
337	549
338	549
339	549
340	549
341	549
342	549
343	553
344	560
345	563
346	563
347	563
348	563
349	563
350	563
351	563
352	563
353	563
354	563
355	563
356	563
357	563
358	563
359	563
360	563
361	563
362	563
363	563
364	563
365	563
366	563
367	563
368	563
369	563
370	563
371	563
372	563
373	563
374	563
375	563
376	563
377	563
378	563
379	563
380	563
381	563
382	563
383	563
384	563
385	563
386	563
387	563
388	563
389	563
390	563
391	563
392	563
393	563
394	563
395	563
396	563
397	563
398	563
399	563
400	563
401	563
402	563
403	563
404	563
405	563
406	563
407	569
408	576
409	579
410	579
411	579
412	579
413	579
414	579
415	579
416	579
417	579
418	579
419	579
420	579
421	579
422	579
423	579
424	579
425	579
426	579
427	579
428	579
429	579
430	579
431	579
432	579
433	579
434	579
435	579
436	579
437	579
438	579
439	579
440	579
441	579
442	579
443	579
444	579
445	579
446	579
447	579
448	579
449	579
450	579
451	579
452	579
453	579
454	579
455	579
456	579
457	579
458	579
459	579
460	579
461	579
462	579
463	579
464	579
465	579
466	579
467	579
468	579
469	579
470	579
471	586
472	591
473	594
474	594
475	594
476	594
477	594
478	594
479	594
480	594
481	594
482	594
483	594
484	594
485	594
486	594
487	594
488	594
489	594
490	594
491	594
492	594
493	594
494	594
495	594
496	594
497	594
498	594
499	594
500	594
501	594
502	594
503	594
504	594
505	594
506	594
507	594
508	594
509	594
510	594
511	594
512	594
513	594
514	594
515	594
516	594
517	594
518	594
519	594
520	594
521	594
522	594
523	594
524	594
525	594
526	594
527	594
528	594
529	594
530	594
531	594
532	594
533	594
534	594
535	602
536	606
537	609
538	609
539	609
540	609
541	609
542	609
543	609
544	609
545	609
546	609
547	609
548	609
549	609
550	609
551	609
552	609
553	609
554	609
555	609
556	609
557	609
558	609
559	609
560	609
561	609
562	609
563	609
564	609
565	609
566	609
567	609
568	609
569	609
570	609
571	609
572	609
573	609
574	609
575	609
576	609
577	609
578	609
579	609
580	609
581	609
582	609
583	609
584	609
585	609
586	609
587	609
588	609
589	609
590	609
591	609
592	609
593	609
594	609
595	609
596	609
597	609
598	609
599	618
600	621
601	623
602	623
603	623
604	623
605	623
606	623
607	623
608	623
609	623
610	623
611	623
612	623
613	623
614	623
615	623
616	623
617	623
618	623
619	623
620	623
621	623
622	623
623	623
624	623
625	623
626	623
627	623
628	623
629	623
630	623
631	623
632	623
633	623
634	623
635	623
636	623
637	623
638	623
639	623
640	623
641	623
642	623
643	623
644	623
645	623
646	623
647	623
648	623
649	623
650	623
651	623
652	623
653	623
654	623
655	623
656	623
657	623
658	623
659	623
660	623
661	623
662	623
663	633
664	635
665	636
666	636
667	636
668	636
669	636
670	636
671	636
672	636
673	636
674	636
675	636
676	636
677	636
678	636
679	636
680	636
681	636
682	636
683	636
684	636
685	636
686	636
687	636
688	636
689	636
690	636
691	636
692	636
693	636
694	636
695	636
696	636
697	636
698	636
699	636
700	636
701	636
702	636
703	636
704	636
705	636
706	636
707	636
708	636
709	636
710	636
711	636
712	636
713	636
714	636
715	636
716	636
717	636
718	636
719	636
720	636
721	636
722	636
723	636
724	636
725	636
726	636
727	647
728	648
729	648
730	648
731	648
732	648
733	648
734	648
735	648
736	648
737	648
738	648
739	648
740	648
741	648
742	648
743	648
744	648
745	648
746	648
747	648
748	648
749	648
750	648
751	648
752	648
753	648
754	648
755	648
756	648
757	648
758	648
759	648
760	648
761	648
762	648
763	648
764	648
765	648
766	648
767	648
768	648
769	648
770	648
771	648
772	648
773	648
774	648
775	648
776	648
777	648
778	648
779	648
780	648
781	648
782	648
783	648
784	648
785	648
786	648
787	648
788	648
789	648
790	651
791	659
792	661
793	661
794	661
795	661
796	661
797	661
798	661
799	661
800	661
801	661
802	661
803	661
804	661
805	661
806	661
807	661
808	661
809	661
810	661
811	661
812	661
813	661
814	661
815	661
816	661
817	661
818	661
819	661
820	661
821	661
822	661
823	661
824	661
825	661
826	661
827	661
828	661
829	661
830	661
831	661
832	661
833	661
834	661
835	661
836	661
837	661
838	661
839	661
840	661
841	661
842	661
843	661
844	661
845	661
846	661
847	661
848	661
849	661
850	661
851	661
852	661
853	661
854	662
855	668
856	669
857	669
858	669
859	669
860	669
861	669
862	669
863	669
864	669
865	669
866	669
867	669
868	669
869	669
870	669
871	669
872	669
873	669
874	669
875	669
876	669
877	669
878	669
879	669
880	669
881	669
882	669
883	669
884	669
885	669
886	669
887	669
888	669
889	669
890	669
891	669
892	669
893	669
894	669
895	669
896	669
897	669
898	669
899	669
900	669
901	669
902	669
903	669
904	669
905	669
906	669
907	669
908	669
909	669
910	669
911	669
912	669
913	669
914	669
915	669
916	669
917	669
918	671
919	675
920	676
921	676
922	676
923	676
924	676
925	676
926	676
927	676
928	676
929	676
930	676
931	676
932	676
933	676
934	676
935	676
936	676
937	676
938	676
939	676
940	676
941	676
942	676
943	676
944	676
945	676
946	676
947	676
948	676
949	676
950	676
951	676
952	676
953	676
954	676
955	676
956	676
957	676
958	676
959	676
960	676
961	676
962	676
963	676
964	676
965	676
966	676
967	676
968	676
969	676
970	676
971	676
972	676
973	676
974	676
975	676
976	676
977	676
978	676
979	676
980	676
981	676
982	677
983	681
984	681
985	681
986	681
987	681
988	681
989	681
990	681
991	681
992	681
993	681
994	681
995	681
996	681
997	681
998	681
999	681
1000	681
1001	681
1002	681
1003	681
1004	681
1005	681
1006	681
1007	681
1008	681
1009	681
1010	681
1011	681
1012	681
1013	681
1014	681
1015	681
1016	681
1017	681
1018	681
1019	681
1020	681
1021	681
1022	681
1023	681
1024	681
1025	681
1026	681
1027	681
1028	681
1029	681
1030	681
1031	681
1032	681
1033	681
1034	681
1035	681
1036	681
1037	681
1038	681
1039	681
1040	681
1041	681
1042	681
1043	681
1044	681
1045	681
1046	681
1047	682
1048	682
1049	682
1050	682
1051	682
1052	682
1053	682
1054	682
1055	682
1056	682
1057	682
1058	682
1059	682
1060	682
1061	682
1062	682
1063	682
1064	682
1065	682
1066	682
1067	682
1068	682
1069	682
1070	682
1071	682
1072	682
1073	682
1074	682
1075	682
1076	682
1077	682
1078	682
1079	682
1080	682
1081	682
1082	682
1083	682
1084	682
1085	682
1086	682
1087	682
1088	682
1089	682
1090	682
1091	682
1092	682
1093	682
1094	682
1095	682
1096	682
1097	682
1098	682
1099	682
1100	682
1101	682
1102	682
1103	682
1104	682
1105	682
1106	682
1107	682
1108	682
1109	682
1110	682
1111	682
1112	678
1113	678
1114	678
1115	678
1116	678
1117	678
1118	678
1119	678
1120	678
1121	678
1122	678
1123	678
1124	678
1125	678
1126	678
1127	678
1128	678
1129	678
1130	678
1131	678
1132	678
1133	678
1134	678
1135	678
1136	678
1137	678
1138	678
1139	678
1140	678
1141	678
1142	678
1143	678
1144	678
1145	678
1146	678
1147	678
1148	678
1149	678
1150	678
1151	678
1152	678
1153	678
1154	678
1155	678
1156	678
1157	678
1158	678
1159	678
1160	678
1161	678
1162	678
1163	678
1164	678
1165	678
1166	678
1167	678
1168	678
1169	678
1170	678
1171	678
1172	678
1173	678
1174	678
1175	678
1176	671
1177	671
1178	671
1179	671
1180	671
1181	671
1182	671
1183	671
1184	671
1185	671
1186	671
1187	671
1188	671
1189	671
1190	671
1191	671
1192	671
1193	671
1194	671
1195	671
1196	671
1197	671
1198	671
1199	671
1200	671
1201	671
1202	671
1203	671
1204	671
1205	671
1206	671
1207	671
1208	671
1209	671
1210	671
1211	671
1212	671
1213	671
1214	671
1215	671
1216	671
1217	671
1218	671
1219	671
1220	671
1221	671
1222	671
1223	671
1224	671
1225	671
1226	671
1227	671
1228	671
1229	671
1230	671
1231	671
1232	671
1233	671
1234	671
1235	671
1236	671
1237	671
1238	671
1239	670
1240	663
1241	661
1242	661
1243	661
1244	661
1245	661
1246	661
1247	661
1248	661
1249	661
1250	661
1251	661
1252	661
1253	661
1254	661
1255	661
1256	661
1257	661
1258	661
1259	661
1260	661
1261	661
1262	661
1263	661
1264	661
1265	661
1266	661
1267	661
1268	661
1269	661
1270	661
1271	661
1272	661
1273	661
1274	661
1275	661
1276	661
1277	661
1278	661
1279	661
1280	661
1281	661
1282	661
1283	661
1284	661
1285	661
1286	661
1287	661
1288	661
1289	661
1290	661
1291	661
1292	661
1293	661
1294	661
1295	661
1296	661
1297	661
1298	661
1299	661
1300	661
1301	661
1302	661
1303	659
1304	652
1305	652
1306	652
1307	652
1308	652
1309	652
1310	652
1311	652
1312	652
1313	652
1314	652
1315	652
1316	652
1317	652
1318	652
1319	652
1320	652
1321	652
1322	652
1323	652
1324	652
1325	652
1326	652
1327	652
1328	652
1329	652
1330	652
1331	652
1332	652
1333	652
1334	652
1335	652
1336	652
1337	652
1338	652
1339	652
1340	652
1341	652
1342	652
1343	652
1344	652
1345	652
1346	652
1347	652
1348	652
1349	652
1350	652
1351	652
1352	652
1353	652
1354	652
1355	652
1356	652
1357	652
1358	652
1359	652
1360	652
1361	652
1362	652
1363	652
1364	652
1365	652
1366	652
1367	647
1368	644
1369	644
1370	644
1371	644
1372	644
1373	644
1374	644
1375	644
1376	644
1377	644
1378	644
1379	644
1380	644
1381	644
1382	644
1383	644
1384	644
1385	644
1386	644
1387	644
1388	644
1389	644
1390	644
1391	644
1392	644
1393	644
1394	644
1395	644
1396	644
1397	644
1398	644
1399	644
1400	644
1401	644
1402	644
1403	644
1404	644
1405	644
1406	644
1407	644
1408	644
1409	644
1410	644
1411	644
1412	644
1413	644
1414	644
1415	644
1416	644
1417	644
1418	644
1419	644
1420	644
1421	644
1422	644
1423	644
1424	644
1425	644
1426	644
1427	644
1428	644
1429	644
1430	644
1431	640
1432	639
1433	639
1434	639
1435	639
1436	639
1437	639
1438	639
1439	639
1440	639
1441	639
1442	639
1443	639
1444	639
1445	639
1446	639
1447	639
1448	639
1449	639
1450	639
1451	639
1452	639
1453	639
1454	639
1455	639
1456	639
1457	639
1458	639
1459	639
1460	639
1461	639
1462	639
1463	639
1464	639
1465	639
1466	639
1467	639
1468	639
1469	639
1470	639
1471	639
1472	639
1473	639
1474	639
1475	639
1476	639
1477	639
1478	639
1479	639
1480	639
1481	639
1482	639
1483	639
1484	639
1485	639
1486	639
1487	639
1488	639
1489	639
1490	639
1491	639
1492	639
1493	639
1494	639
1495	637
1496	637
1497	637
1498	637
1499	637
1500	637
1501	637
1502	637
1503	637
1504	637
1505	637
1506	637
1507	637
1508	637
1509	637
1510	637
1511	637
1512	637
1513	637
1514	637
1515	637
1516	637
1517	637
1518	637
1519	637
1520	637
1521	637
1522	637
1523	637
1524	637
1525	637
1526	637
1527	637
1528	637
1529	637
1530	637
1531	637
1532	637
1533	637
1534	637
1535	637
1536	637
1537	637
1538	637
1539	637
1540	637
1541	637
1542	637
1543	637
1544	637
1545	637
1546	637
1547	637
1548	637
1549	637
1550	637
1551	637
1552	637
1553	637
1554	637
1555	637
1556	637
1557	637
1558	638
1559	638
1560	638
1561	638
1562	638
1563	638
1564	638
1565	638
1566	638
1567	638
1568	638
1569	638
1570	638
1571	638
1572	638
1573	638
1574	638
1575	638
1576	638
1577	638
1578	638
1579	638
1580	638
1581	638
1582	638
1583	638
1584	638
1585	638
1586	638
1587	638
1588	638
1589	638
1590	638
1591	638
1592	638
1593	638
1594	638
1595	638
1596	638
1597	638
1598	638
1599	638
1600	638
1601	638
1602	638
1603	638
1604	638
1605	638
1606	638
1607	638
1608	638
1609	638
1610	638
1611	638
1612	638
1613	638
1614	638
1615	638
1616	638
1617	638
1618	638
1619	638
1620	638
1621	641
1622	643
1623	643
1624	643
1625	643
1626	643
1627	643
1628	643
1629	643
1630	643
1631	643
1632	643
1633	643
1634	643
1635	643
1636	643
1637	643
1638	643
1639	643
1640	643
1641	643
1642	643
1643	643
1644	643
1645	643
1646	643
1647	643
1648	643
1649	643
1650	643
1651	643
1652	643
1653	643
1654	643
1655	643
1656	643
1657	643
1658	643
1659	643
1660	643
1661	643
1662	643
1663	643
1664	643
1665	643
1666	643
1667	643
1668	643
1669	643
1670	643
1671	643
1672	643
1673	643
1674	643
1675	643
1676	643
1677	643
1678	643
1679	643
1680	643
1681	643
1682	643
1683	643
1684	643
1685	651
1686	652
1687	652
1688	652
1689	652
1690	652
1691	652
1692	652
1693	652
1694	652
1695	652
1696	652
1697	652
1698	652
1699	652
1700	652
1701	652
1702	652
1703	652
1704	652
1705	652
1706	652
1707	652
1708	652
1709	652
1710	652
1711	652
1712	652
1713	652
1714	652
1715	652
1716	652
1717	652
1718	652
1719	652
1720	652
1721	652
1722	652
1723	652
1724	652
1725	652
1726	652
1727	652
1728	652
1729	652
1730	652
1731	652
1732	652
1733	652
1734	652
1735	652
1736	652
1737	652
1738	652
1739	652
1740	652
1741	652
1742	652
1743	652
1744	652
1745	652
1746	652
1747	652
1748	652
1749	662
1750	663
1751	663
1752	663
1753	663
1754	663
1755	663
1756	663
1757	663
1758	663
1759	663
1760	663
1761	663
1762	663
1763	663
1764	663
1765	663
1766	663
1767	663
1768	663
1769	663
1770	663
1771	663
1772	663
1773	663
1774	663
1775	663
1776	663
1777	663
1778	663
1779	663
1780	663
1781	663
1782	663
1783	663
1784	663
1785	663
1786	663
1787	663
1788	663
1789	663
1790	663
1791	663
1792	663
1793	663
1794	663
1795	663
1796	663
1797	663
1798	663
1799	663
1800	663
1801	663
1802	663
1803	663
1804	663
1805	663
1806	663
1807	663
1808	663
1809	663
1810	663
1811	663
1812	666
1813	675
1814	676
1815	676
1816	676
1817	676
1818	676
1819	676
1820	676
1821	676
1822	676
1823	676
1824	676
1825	676
1826	676
1827	676
1828	676
1829	676
1830	676
1831	676
1832	676
1833	676
1834	676
1835	676
1836	676
1837	676
1838	676
1839	676
1840	676
1841	676
1842	676
1843	676
1844	676
1845	676
1846	676
1847	676
1848	676
1849	676
1850	676
1851	676
1852	676
1853	676
1854	676
1855	676
1856	676
1857	676
1858	676
1859	676
1860	676
1861	676
1862	676
1863	676
1864	676
1865	676
1866	676
1867	676
1868	676
1869	676
1870	676
1871	676
1872	676
1873	676
1874	676
1875	676
1876	681
1877	687
1878	688
1879	688
1880	688
1881	688
1882	688
1883	688
1884	688
1885	688
1886	688
1887	688
1888	688
1889	688
1890	688
1891	688
1892	688
1893	688
1894	688
1895	688
1896	688
1897	688
1898	688
1899	688
1900	688
1901	688
1902	688
1903	688
1904	688
1905	688
1906	688
1907	688
1908	688
1909	688
1910	688
1911	688
1912	688
1913	688
1914	688
1915	688
1916	688
1917	688
1918	688
1919	688
1920	688
1921	688
1922	688
1923	688
1924	688
1925	688
1926	688
1927	688
1928	688
1929	688
1930	688
1931	688
1932	688
1933	688
1934	688
1935	688
1936	688
1937	688
1938	688
1939	688
1940	692
1941	697
1942	698
1943	698
1944	698
1945	698
1946	698
1947	698
1948	698
1949	698
1950	698
1951	698
1952	698
1953	698
1954	698
1955	698
1956	698
1957	698
1958	698
1959	698
1960	698
1961	698
1962	698
1963	698
1964	698
1965	698
1966	698
1967	698
1968	698
1969	698
1970	698
1971	698
1972	698
1973	698
1974	698
1975	698
1976	698
1977	698
1978	698
1979	698
1980	698
1981	698
1982	698
1983	698
1984	698
1985	698
1986	698
1987	698
1988	698
1989	698
1990	698
1991	698
1992	698
1993	698
1994	698
1995	698
1996	698
1997	698
1998	698
1999	698
2000	698
2001	698
2002	698
2003	698
2004	700
2005	703
2006	704
2007	704
2008	704
2009	704
2010	704
2011	704
2012	704
2013	704
2014	704
2015	704
2016	704
2017	704
2018	704
2019	704
2020	704
2021	704
2022	704
2023	704
2024	704
2025	704
2026	704
2027	704
2028	704
2029	704
2030	704
2031	704
2032	704
2033	704
2034	704
2035	704
2036	704
2037	704
2038	704
2039	704
2040	704
2041	704
2042	704
2043	704
2044	704
2045	704
2046	704
2047	704
2048	704
2049	704
2050	704
2051	704
2052	704
2053	704
2054	704
2055	704
2056	704
2057	704
2058	704
2059	704
2060	704
2061	704
2062	704
2063	704
2064	704
2065	704
2066	704
2067	704
2068	704
2069	706
2070	706
2071	706
2072	706
2073	706
2074	706
2075	706
2076	706
2077	706
2078	706
2079	706
2080	706
2081	706
2082	706
2083	706
2084	706
2085	706
2086	706
2087	706
2088	706
2089	706
2090	706
2091	706
2092	706
2093	706
2094	706
2095	706
2096	706
2097	706
2098	706
2099	706
2100	706
2101	706
2102	706
2103	706
2104	706
2105	706
2106	706
2107	706
2108	706
2109	706
2110	706
2111	706
2112	706
2113	706
2114	706
2115	706
2116	706
2117	706
2118	706
2119	706
2120	706
2121	706
2122	706
2123	706
2124	706
2125	706
2126	706
2127	706
2128	706
2129	706
2130	706
2131	706
2132	706
2133	706
2134	704
2135	704
2136	704
2137	704
2138	704
2139	704
2140	704
2141	704
2142	704
2143	704
2144	704
2145	704
2146	704
2147	704
2148	704
2149	704
2150	704
2151	704
2152	704
2153	704
2154	704
2155	704
2156	704
2157	704
2158	704
2159	704
2160	704
2161	704
2162	704
2163	704
2164	704
2165	704
2166	704
2167	704
2168	704
2169	704
2170	704
2171	704
2172	704
2173	704
2174	704
2175	704
2176	704
2177	704
2178	704
2179	704
2180	704
2181	704
2182	704
2183	704
2184	704
2185	704
2186	704
2187	704
2188	704
2189	704
2190	704
2191	704
2192	704
2193	704
2194	704
2195	704
2196	704
2197	704
2198	697
2199	697
2200	697
2201	697
2202	697
2203	697
2204	697
2205	697
2206	697
2207	697
2208	697
2209	697
2210	697
2211	697
2212	697
2213	697
2214	697
2215	697
2216	697
2217	697
2218	697
2219	697
2220	697
2221	697
2222	697
2223	697
2224	697
2225	697
2226	697
2227	697
2228	697
2229	697
2230	697
2231	697
2232	697
2233	697
2234	697
2235	697
2236	697
2237	697
2238	697
2239	697
2240	697
2241	697
2242	697
2243	697
2244	697
2245	697
2246	697
2247	697
2248	697
2249	697
2250	697
2251	697
2252	697
2253	697
2254	697
2255	697
2256	697
2257	697
2258	697
2259	697
2260	697
2261	696
2262	689
2263	686
2264	686
2265	686
2266	686
2267	686
2268	686
2269	686
2270	686
2271	686
2272	686
2273	686
2274	686
2275	686
2276	686
2277	686
2278	686
2279	686
2280	686
2281	686
2282	686
2283	686
2284	686
2285	686
2286	686
2287	686
2288	686
2289	686
2290	686
2291	686
2292	686
2293	686
2294	686
2295	686
2296	686
2297	686
2298	686
2299	686
2300	686
2301	686
2302	686
2303	686
2304	686
2305	686
2306	686
2307	686
2308	686
2309	686
2310	686
2311	686
2312	686
2313	686
2314	686
2315	686
2316	686
2317	686
2318	686
2319	686
2320	686
2321	686
2322	686
2323	686
2324	686
2325	684
2326	677
2327	670
2328	670
2329	670
2330	670
2331	670
2332	670
2333	670
2334	670
2335	670
2336	670
2337	670
2338	670
2339	670
2340	670
2341	670
2342	670
2343	670
2344	670
2345	670
2346	670
2347	670
2348	670
2349	670
2350	670
2351	670
2352	670
2353	670
2354	670
2355	670
2356	670
2357	670
2358	670
2359	670
2360	670
2361	670
2362	670
2363	670
2364	670
2365	670
2366	670
2367	670
2368	670
2369	670
2370	670
2371	670
2372	670
2373	670
2374	670
2375	670
2376	670
2377	670
2378	670
2379	670
2380	670
2381	670
2382	670
2383	670
2384	670
2385	670
2386	670
2387	670
2388	670
2389	667
2390	660
2391	654
2392	654
2393	654
2394	654
2395	654
2396	654
2397	654
2398	654
2399	654
2400	654
2401	654
2402	654
2403	654
2404	654
2405	654
2406	654
2407	654
2408	654
2409	654
2410	654
2411	654
2412	654
2413	654
2414	654
2415	654
2416	654
2417	654
2418	654
2419	654
2420	654
2421	654
2422	654
2423	654
2424	654
2425	654
2426	654
2427	654
2428	654
2429	654
2430	654
2431	654
2432	654
2433	654
2434	654
2435	654
2436	654
2437	654
2438	654
2439	654
2440	654
2441	654
2442	654
2443	654
2444	654
2445	654
2446	654
2447	654
2448	654
2449	654
2450	654
2451	654
2452	654
2453	649
2454	642
2455	638
2456	638
2457	638
2458	638
2459	638
2460	638
2461	638
2462	638
2463	638
2464	638
2465	638
2466	638
2467	638
2468	638
2469	638
2470	638
2471	638
2472	638
2473	638
2474	638
2475	638
2476	638
2477	638
2478	638
2479	638
2480	638
2481	638
2482	638
2483	638
2484	638
2485	638
2486	638
2487	638
2488	638
2489	638
2490	638
2491	638
2492	638
2493	638
2494	638
2495	638
2496	638
2497	638
2498	638
2499	638
2500	638
2501	638
2502	638
2503	638
2504	638
2505	638
2506	638
2507	638
2508	638
2509	638
2510	638
2511	638
2512	638
2513	638
2514	638
2515	638
2516	638
2517	632
2518	626
2519	625
2520	625
2521	625
2522	625
2523	625
2524	625
2525	625
2526	625
2527	625
2528	625
2529	625
2530	625
2531	625
2532	625
2533	625
2534	625
2535	625
2536	625
2537	625
2538	625
2539	625
2540	625
2541	625
2542	625
2543	625
2544	625
2545	625
2546	625
2547	625
2548	625
2549	625
2550	625
2551	625
2552	625
2553	625
2554	625
2555	625
2556	625
2557	625
2558	625
2559	625
2560	625
2561	625
2562	625
2563	625
2564	625
2565	625
2566	625
2567	625
2568	625
2569	625
2570	625
2571	625
2572	625
2573	625
2574	625
2575	625
2576	625
2577	625
2578	625
2579	625
2580	625
2581	618
2582	613
2583	613
2584	613
2585	613
2586	613
2587	613
2588	613
2589	613
2590	613
2591	613
2592	613
2593	613
2594	613
2595	613
2596	613
2597	613
2598	613
2599	613
2600	613
2601	613
2602	613
2603	613
2604	613
2605	613
2606	613
2607	613
2608	613
2609	613
2610	613
2611	613
2612	613
2613	613
2614	613
2615	613
2616	613
2617	613
2618	613
2619	613
2620	613
2621	613
2622	613
2623	613
2624	613
2625	613
2626	613
2627	613
2628	613
2629	613
2630	613
2631	613
2632	613
2633	613
2634	613
2635	613
2636	613
2637	613
2638	613
2639	613
2640	613
2641	613
2642	613
2643	613
2644	613
2645	607
2646	603
2647	603
2648	603
2649	603
2650	603
2651	603
2652	603
2653	603
2654	603
2655	603
2656	603
2657	603
2658	603
2659	603
2660	603
2661	603
2662	603
2663	603
2664	603
2665	603
2666	603
2667	603
2668	603
2669	603
2670	603
2671	603
2672	603
2673	603
2674	603
2675	603
2676	603
2677	603
2678	603
2679	603
2680	603
2681	603
2682	603
2683	603
2684	603
2685	603
2686	603
2687	603
2688	603
2689	603
2690	603
2691	603
2692	603
2693	603
2694	603
2695	603
2696	603
2697	603
2698	603
2699	603
2700	603
2701	603
2702	603
2703	603
2704	603
2705	603
2706	603
2707	603
2708	603
2709	597
2710	596
2711	596
2712	596
2713	596
2714	596
2715	596
2716	596
2717	596
2718	596
2719	596
2720	596
2721	596
2722	596
2723	596
2724	596
2725	596
2726	596
2727	596
2728	596
2729	596
2730	596
2731	596
2732	596
2733	596
2734	596
2735	596
2736	596
2737	596
2738	596
2739	596
2740	596
2741	596
2742	596
2743	596
2744	596
2745	596
2746	596
2747	596
2748	596
2749	596
2750	596
2751	596
2752	596
2753	596
2754	596
2755	596
2756	596
2757	596
2758	596
2759	596
2760	596
2761	596
2762	596
2763	596
2764	596
2765	596
2766	596
2767	596
2768	596
2769	596
2770	596
2771	596
2772	596
2773	594
2774	594
2775	594
2776	594
2777	594
2778	594
2779	594
2780	594
2781	594
2782	594
2783	594
2784	594
2785	594
2786	594
2787	594
2788	594
2789	594
2790	594
2791	594
2792	594
2793	594
2794	594
2795	594
2796	594
2797	594
2798	594
2799	594
2800	594
2801	594
2802	594
2803	594
2804	594
2805	594
2806	594
2807	594
2808	594
2809	594
2810	594
2811	594
2812	594
2813	594
2814	594
2815	594
2816	594
2817	594
2818	594
2819	594
2820	594
2821	594
2822	594
2823	594
2824	594
2825	594
2826	594
2827	594
2828	594
2829	594
2830	594
2831	594
2832	594
2833	594
2834	594
2835	594
2836	595
2837	595
2838	595
2839	595
2840	595
2841	595
2842	595
2843	595
2844	595
2845	595
2846	595
2847	595
2848	595
2849	595
2850	595
2851	595
2852	595
2853	595
2854	595
2855	595
2856	595
2857	595
2858	595
2859	595
2860	595
2861	595
2862	595
2863	595
2864	595
2865	595
2866	595
2867	595
2868	595
2869	595
2870	595
2871	595
2872	595
2873	595
2874	595
2875	595
2876	595
2877	595
2878	595
2879	595
2880	595
2881	595
2882	595
2883	595
2884	595
2885	595
2886	595
2887	595
2888	595
2889	595
2890	595
2891	595
2892	595
2893	595
2894	595
2895	595
2896	595
2897	595
2898	595
2899	597
2900	600
2901	600
2902	600
2903	600
2904	600
2905	600
2906	600
2907	600
2908	600
2909	600
2910	600
2911	600
2912	600
2913	600
2914	600
2915	600
2916	600
2917	600
2918	600
2919	600
2920	600
2921	600
2922	600
2923	600
2924	600
2925	600
2926	600
2927	600
2928	600
2929	600
2930	600
2931	600
2932	600
2933	600
2934	600
2935	600
2936	600
2937	600
2938	600
2939	600
2940	600
2941	600
2942	600
2943	600
2944	600
2945	600
2946	600
2947	600
2948	600
2949	600
2950	600
2951	600
2952	600
2953	600
2954	600
2955	600
2956	600
2957	600
2958	600
2959	600
2960	600
2961	600
2962	602
2963	607
2964	609
2965	609
2966	609
2967	609
2968	609
2969	609
2970	609
2971	609
2972	609
2973	609
2974	609
2975	609
2976	609
2977	609
2978	609
2979	609
2980	609
2981	609
2982	609
2983	609
2984	609
2985	609
2986	609
2987	609
2988	609
2989	609
2990	609
2991	609
2992	609
2993	609
2994	609
2995	609
2996	609
2997	609
2998	609
2999	609
3000	609
3001	609
3002	609
3003	609
3004	609
3005	609
3006	609
3007	609
3008	609
3009	609
3010	609
3011	609
3012	609
3013	609
3014	609
3015	609
3016	609
3017	609
3018	609
3019	609
3020	609
3021	609
3022	609
3023	609
3024	609
3025	609
3026	614
3027	619
3028	621
3029	621
3030	621
3031	621
3032	621
3033	621
3034	621
3035	621
3036	621
3037	621
3038	621
3039	621
3040	621
3041	621
3042	621
3043	621
3044	621
3045	621
3046	621
3047	621
3048	621
3049	621
3050	621
3051	621
3052	621
3053	621
3054	621
3055	621
3056	621
3057	621
3058	621
3059	621
3060	621
3061	621
3062	621
3063	621
3064	621
3065	621
3066	621
3067	621
3068	621
3069	621
3070	621
3071	621
3072	621
3073	621
3074	621
3075	621
3076	621
3077	621
3078	621
3079	621
3080	621
3081	621
3082	621
3083	621
3084	621
3085	621
3086	621
3087	621
3088	621
3089	621
3090	628
3091	632
3092	634
3093	634
3094	634
3095	634
3096	634
3097	634
3098	634
3099	634
3100	634
3101	634
3102	634
3103	634
3104	634
3105	634
3106	634
3107	634
3108	634
3109	634
3110	634
3111	634
3112	634
3113	634
3114	634
3115	634
3116	634
3117	634
3118	634
3119	634
3120	634
3121	634
3122	634
3123	634
3124	634
3125	634
3126	634
3127	634
3128	634
3129	634
3130	634
3131	634
3132	634
3133	634
3134	634
3135	634
3136	634
3137	634
3138	634
3139	634
3140	634
3141	634
3142	634
3143	634
3144	634
3145	634
3146	634
3147	634
3148	634
3149	634
3150	634
3151	634
3152	634
3153	634
3154	645
3155	648
3156	648
3157	648
3158	648
3159	648
3160	648
3161	648
3162	648
3163	648
3164	648
3165	648
3166	648
3167	648
3168	648
3169	648
3170	648
3171	648
3172	648
3173	648
3174	648
3175	648
3176	648
3177	648
3178	648
3179	648
3180	648
3181	648
3182	648
3183	648
3184	648
3185	648
3186	648
3187	648
3188	648
3189	648
3190	648
3191	648
3192	648
3193	648
3194	648
3195	648
3196	648
3197	648
3198	648
3199	648
3200	648
3201	648
3202	648
3203	648
3204	648
3205	648
3206	648
3207	648
3208	648
3209	648
3210	648
3211	648
3212	648
3213	648
3214	648
3215	648
3216	648
3217	650
3218	663
3219	665
3220	665
3221	665
3222	665
3223	665
3224	665
3225	665
3226	665
3227	665
3228	665
3229	665
3230	665
3231	665
3232	665
3233	665
3234	665
3235	665
3236	665
3237	665
3238	665
3239	665
3240	665
3241	665
3242	665
3243	665
3244	665
3245	665
3246	665
3247	665
3248	665
3249	665
3250	665
3251	665
3252	665
3253	665
3254	665
3255	665
3256	665
3257	665
3258	665
3259	665
3260	665
3261	665
3262	665
3263	665
3264	665
3265	665
3266	665
3267	665
3268	665
3269	665
3270	665
3271	665
3272	665
3273	665
3274	665
3275	665
3276	665
3277	665
3278	665
3279	665
3280	665
3281	670
3282	681
3283	683
3284	683
3285	683
3286	683
3287	683
3288	683
3289	683
3290	683
3291	683
3292	683
3293	683
3294	683
3295	683
3296	683
3297	683
3298	683
3299	683
3300	683
3301	683
3302	683
3303	683
3304	683
3305	683
3306	683
3307	683
3308	683
3309	683
3310	683
3311	683
3312	683
3313	683
3314	683
3315	683
3316	683
3317	683
3318	683
3319	683
3320	683
3321	683
3322	683
3323	683
3324	683
3325	683
3326	683
3327	683
3328	683
3329	683
3330	683
3331	683
3332	683
3333	683
3334	683
3335	683
3336	683
3337	683
3338	683
3339	683
3340	683
3341	683
3342	683
3343	683
3344	683
3345	689
3346	699
3347	701
3348	701
3349	701
3350	701
3351	701
3352	701
3353	701
3354	701
3355	701
3356	701
3357	701
3358	701
3359	701
3360	701
3361	701
3362	701
3363	701
3364	701
3365	701
3366	701
3367	701
3368	701
3369	701
3370	701
3371	701
3372	701
3373	701
3374	701
3375	701
3376	701
3377	701
3378	701
3379	701
3380	701
3381	701
3382	701
3383	701
3384	701
3385	701
3386	701
3387	701
3388	701
3389	701
3390	701
3391	701
3392	701
3393	701
3394	701
3395	701
3396	701
3397	701
3398	701
3399	701
3400	701
3401	701
3402	701
3403	701
3404	701
3405	701
3406	701
3407	701
3408	701
3409	705
3410	714
3411	716
3412	716
3413	716
3414	716
3415	716
3416	716
3417	716
3418	716
3419	716
3420	716
3421	716
3422	716
3423	716
3424	716
3425	716
3426	716
3427	716
3428	716
3429	716
3430	716
3431	716
3432	716
3433	716
3434	716
3435	716
3436	716
3437	716
3438	716
3439	716
3440	716
3441	716
3442	716
3443	716
3444	716
3445	716
3446	716
3447	716
3448	716
3449	716
3450	716
3451	716
3452	716
3453	716
3454	716
3455	716
3456	716
3457	716
3458	716
3459	716
3460	716
3461	716
3462	716
3463	716
3464	716
3465	716
3466	716
3467	716
3468	716
3469	716
3470	716
3471	716
3472	716
3473	721
3474	726
3475	728
3476	728
3477	728
3478	728
3479	728
3480	728
3481	728
3482	728
3483	728
3484	728
3485	728
3486	728
3487	728
3488	728
3489	728
3490	728
3491	728
3492	728
3493	728
3494	728
3495	728
3496	728
3497	728
3498	728
3499	728
3500	728
3501	728
3502	728
3503	728
3504	728
3505	728
3506	728
3507	728
3508	728
3509	728
3510	728
3511	728
3512	728
3513	728
3514	728
3515	728
3516	728
3517	728
3518	728
3519	728
3520	728
3521	728
3522	728
3523	728
3524	728
3525	728
3526	728
3527	728
3528	728
3529	728
3530	728
3531	728
3532	728
3533	728
3534	728
3535	728
3536	728
3537	728
3538	732
3539	733
3540	733
3541	733
3542	733
3543	733
3544	733
3545	733
3546	733
3547	733
3548	733
3549	733
3550	733
3551	733
3552	733
3553	733
3554	733
3555	733
3556	733
3557	733
3558	733
3559	733
3560	733
3561	733
3562	733
3563	733
3564	733
3565	733
3566	733
3567	733
3568	733
3569	733
3570	733
3571	733
3572	733
3573	733
3574	733
3575	733
3576	733
3577	733
3578	733
3579	733
3580	733
3581	733
3582	733
3583	733
3584	733
3585	733
3586	733
3587	733
3588	733
3589	733
3590	733
3591	733
3592	733
3593	733
3594	733
3595	733
3596	733
3597	733
3598	733
3599	733
3600	733
3601	733
3602	733
3603	733
3604	733
3605	733
3606	733
3607	733
3608	733
3609	733
3610	733
3611	733
3612	733
3613	733
3614	733
3615	733
3616	733
3617	733
3618	733
3619	733
3620	733
3621	733
3622	733
3623	733
3624	733
3625	733
3626	733
3627	733
3628	733
3629	733
3630	733
3631	733
3632	733
3633	733
3634	733
3635	733
3636	733
3637	733
3638	733
3639	733
3640	733
3641	733
3642	733
3643	733
3644	733
3645	733
3646	733
3647	733
3648	733
3649	733
3650	733
3651	733
3652	733
3653	733
3654	733
3655	733
3656	733
3657	733
3658	733
3659	733
3660	733
3661	733
3662	733
3663	733
3664	733
3665	733
3666	733
3667	728
3668	728
3669	728
3670	728
3671	728
3672	728
3673	728
3674	728
3675	728
3676	728
3677	728
3678	728
3679	728
3680	728
3681	728
3682	728
3683	728
3684	728
3685	728
3686	728
3687	728
3688	728
3689	728
3690	728
3691	728
3692	728
3693	728
3694	728
3695	728
3696	728
3697	728
3698	728
3699	728
3700	728
3701	728
3702	728
3703	728
3704	728
3705	728
3706	728
3707	728
3708	728
3709	728
3710	728
3711	728
3712	728
3713	728
3714	728
3715	728
3716	728
3717	728
3718	728
3719	728
3720	728
3721	728
3722	728
3723	728
3724	728
3725	728
3726	728
3727	728
3728	728
3729	728
3730	728
3731	720
3732	720
3733	720
3734	720
3735	720
3736	720
3737	720
3738	720
3739	720
3740	720
3741	720
3742	720
3743	720
3744	720
3745	720
3746	720
3747	720
3748	720
3749	720
3750	720
3751	720
3752	720
3753	720
3754	720
3755	720
3756	720
3757	720
3758	720
3759	720
3760	720
3761	720
3762	720
3763	720
3764	720
3765	720
3766	720
3767	720
3768	720
3769	720
3770	720
3771	720
3772	720
3773	720
3774	720
3775	720
3776	720
3777	720
3778	720
3779	720
3780	720
3781	720
3782	720
3783	720
3784	720
3785	720
3786	720
3787	720
3788	720
3789	720
3790	720
3791	720
3792	720
3793	720
3794	719
3795	711
3796	708
3797	708
3798	708
3799	708
3800	708
3801	708
3802	708
3803	708
3804	708
3805	708
3806	708
3807	708
3808	708
3809	708
3810	708
3811	708
3812	708
3813	708
3814	708
3815	708
3816	708
3817	708
3818	708
3819	708
3820	708
3821	708
3822	708
3823	708
3824	708
3825	708
3826	708
3827	708
3828	708
3829	708
3830	708
3831	708
3832	708
3833	708
3834	708
3835	708
3836	708
3837	708
3838	708
3839	708
3840	708
3841	708
3842	708
3843	708
3844	708
3845	708
3846	708
3847	708
3848	708
3849	708
3850	708
3851	708
3852	708
3853	708
3854	708
3855	708
3856	708
3857	708
3858	706
3859	699
3860	692
3861	692
3862	692
3863	692
3864	692
3865	692
3866	692
3867	692
3868	692
3869	692
3870	692
3871	692
3872	692
3873	692
3874	692
3875	692
3876	692
3877	692
3878	692
3879	692
3880	692
3881	692
3882	692
3883	692
3884	692
3885	692
3886	692
3887	692
3888	692
3889	692
3890	692
3891	692
3892	692
3893	692
3894	692
3895	692
3896	692
3897	692
3898	692
3899	692
3900	692
3901	692
3902	692
3903	692
3904	692
3905	692
3906	692
3907	692
3908	692
3909	692
3910	692
3911	692
3912	692
3913	692
3914	692
3915	692
3916	692
3917	692
3918	692
3919	692
3920	692
3921	692
3922	689
3923	682
3924	676
3925	674
3926	674
3927	674
3928	674
3929	674
3930	674
3931	674
3932	674
3933	674
3934	674
3935	674
3936	674
3937	674
3938	674
3939	674
3940	674
3941	674
3942	674
3943	674
3944	674
3945	674
3946	674
3947	674
3948	674
3949	674
3950	674
3951	674
3952	674
3953	674
3954	674
3955	674
3956	674
3957	674
3958	674
3959	674
3960	674
3961	674
3962	674
3963	674
3964	674
3965	674
3966	674
3967	674
3968	674
3969	674
3970	674
3971	674
3972	674
3973	674
3974	674
3975	674
3976	674
3977	674
3978	674
3979	674
3980	674
3981	674
3982	674
3983	674
3984	674
3985	674
3986	670
3987	664
3988	657
3989	652
3990	652
3991	652
3992	652
3993	652
3994	652
3995	652
3996	652
3997	652
3998	652
3999	652
4000	652
4001	652
4002	652
4003	652
4004	652
4005	652
4006	652
4007	652
4008	652
4009	652
4010	652
4011	652
4012	652
4013	652
4014	652
4015	652
4016	652
4017	652
4018	652
4019	652
4020	652
4021	652
4022	652
4023	652
4024	652
4025	652
4026	652
4027	652
4028	652
4029	652
4030	652
4031	652
4032	652
4033	652
4034	652
4035	652
4036	652
4037	652
4038	652
4039	652
4040	652
4041	652
4042	652
4043	652
4044	652
4045	652
4046	652
4047	652
4048	652
4049	652
4050	646
4051	640
4052	634
4053	628
4054	627
4055	627
4056	627
4057	627
4058	627
4059	627
4060	627
4061	627
4062	627
4063	627
4064	627
4065	627
4066	627
4067	627
4068	627
4069	627
4070	627
4071	627
4072	627
4073	627
4074	627
4075	627
4076	627
4077	627
4078	627
4079	627
4080	627
4081	627
4082	627
4083	627
4084	627
4085	627
4086	627
4087	627
4088	627
4089	627
4090	627
4091	627
4092	627
4093	627
4094	627
4095	627
4096	627
4097	627
4098	627
4099	627
4100	627
4101	627
4102	627
4103	627
4104	627
4105	627
4106	627
4107	627
4108	627
4109	627
4110	627
4111	627
4112	627
4113	627
4114	621
4115	615
4116	610
4117	604
4118	599
4119	599
4120	599
4121	599
4122	599
4123	599
4124	599
4125	599
4126	599
4127	599
4128	599
4129	599
4130	599
4131	599
4132	599
4133	599
4134	599
4135	599
4136	599
4137	599
4138	599
4139	599
4140	599
4141	599
4142	599
4143	599
4144	599
4145	599
4146	599
4147	599
4148	599
4149	599
4150	599
4151	599
4152	599
4153	599
4154	599
4155	599
4156	599
4157	599
4158	599
4159	599
4160	599
4161	599
4162	599
4163	599
4164	599
4165	599
4166	599
4167	599
4168	599
4169	599
4170	599
4171	599
4172	599
4173	599
4174	599
4175	599
4176	599
4177	599
4178	593
4179	588
4180	583
4181	578
4182	571
4183	571
4184	571
4185	571
4186	571
4187	571
4188	571
4189	571
4190	571
4191	571
4192	571
4193	571
4194	571
4195	571
4196	571
4197	571
4198	571
4199	571
4200	571
4201	571
4202	571
4203	571
4204	571
4205	571
4206	571
4207	571
4208	571
4209	571
4210	571
4211	571
4212	571
4213	571
4214	571
4215	571
4216	571
4217	571
4218	571
4219	571
4220	571
4221	571
4222	571
4223	571
4224	571
4225	571
4226	571
4227	571
4228	571
4229	571
4230	571
4231	571
4232	571
4233	571
4234	571
4235	571
4236	571
4237	571
4238	571
4239	571
4240	571
4241	571
4242	566
4243	561
4244	557
4245	552
4246	545
4247	544
4248	544
4249	544
4250	544
4251	544
4252	544
4253	544
4254	544
4255	544
4256	544
4257	544
4258	544
4259	544
4260	544
4261	544
4262	544
4263	544
4264	544
4265	544
4266	544
4267	544
4268	544
4269	544
4270	544
4271	544
4272	544
4273	544
4274	544
4275	544
4276	544
4277	544
4278	544
4279	544
4280	544
4281	544
4282	544
4283	544
4284	544
4285	544
4286	544
4287	544
4288	544
4289	544
4290	544
4291	544
4292	544
4293	544
4294	544
4295	544
4296	544
4297	544
4298	544
4299	544
4300	544
4301	544
4302	544
4303	544
4304	544
4305	544
4306	540
4307	536
4308	532
4309	528
4310	522
4311	522
4312	522
4313	522
4314	522
4315	522
4316	522
4317	522
4318	522
4319	522
4320	522
4321	522
4322	522
4323	522
4324	522
4325	522
4326	522
4327	522
4328	522
4329	522
4330	522
4331	522
4332	522
4333	522
4334	522
4335	522
4336	522
4337	522
4338	522
4339	522
4340	522
4341	522
4342	522
4343	522
4344	522
4345	522
4346	522
4347	522
4348	522
4349	522
4350	522
4351	522
4352	522
4353	522
4354	522
4355	522
4356	522
4357	522
4358	522
4359	522
4360	522
4361	522
4362	522
4363	522
4364	522
4365	522
4366	522
4367	522
4368	522
4369	521
4370	518
4371	514
4372	510
4373	507
4374	506
4375	506
4376	506
4377	506
4378	506
4379	506
4380	506
4381	506
4382	506
4383	506
4384	506
4385	506
4386	506
4387	506
4388	506
4389	506
4390	506
4391	506
4392	506
4393	506
4394	506
4395	506
4396	506
4397	506
4398	506
4399	506
4400	506
4401	506
4402	506
4403	506
4404	506
4405	506
4406	506
4407	506
4408	506
4409	506
4410	506
4411	506
4412	506
4413	506
4414	506
4415	506
4416	506
4417	506
4418	506
4419	506
4420	506
4421	506
4422	506
4423	506
4424	506
4425	506
4426	506
4427	506
4428	506
4429	506
4430	506
4431	506
4432	506
4433	505
4434	501
4435	498
4436	495
4437	495
4438	495
4439	495
4440	495
4441	495
4442	495
4443	495
4444	495
4445	495
4446	495
4447	495
4448	495
4449	495
4450	495
4451	495
4452	495
4453	495
4454	495
4455	495
4456	495
4457	495
4458	495
4459	495
4460	495
4461	495
4462	495
4463	495
4464	495
4465	495
4466	495
4467	495
4468	495
4469	495
4470	495
4471	495
4472	495
4473	495
4474	495
4475	495
4476	495
4477	495
4478	495
4479	495
4480	495
4481	495
4482	495
4483	495
4484	495
4485	495
4486	495
4487	495
4488	495
4489	495
4490	495
4491	495
4492	495
4493	495
4494	495
4495	495
4496	495
4497	494
4498	490
4499	488
4500	488
4501	488
4502	488
4503	488
4504	488
4505	488
4506	488
4507	488
4508	488
4509	488
4510	488
4511	488
4512	488
4513	488
4514	488
4515	488
4516	488
4517	488
4518	488
4519	488
4520	488
4521	488
4522	488
4523	488
4524	488
4525	488
4526	488
4527	488
4528	488
4529	488
4530	488
4531	488
4532	488
4533	488
4534	488
4535	488
4536	488
4537	488
4538	488
4539	488
4540	488
4541	488
4542	488
4543	488
4544	488
4545	488
4546	488
4547	488
4548	488
4549	488
4550	488
4551	488
4552	488
4553	488
4554	488
4555	488
4556	488
4557	488
4558	488
4559	488
4560	488
4561	486
4562	485
4563	485
4564	485
4565	485
4566	485
4567	485
4568	485
4569	485
4570	485
4571	485
4572	485
4573	485
4574	485
4575	485
4576	485
4577	485
4578	485
4579	485
4580	485
4581	485
4582	485
4583	485
4584	485
4585	485
4586	485
4587	485
4588	485
4589	485
4590	485
4591	485
4592	485
4593	485
4594	485
4595	485
4596	485
4597	485
4598	485
4599	485
4600	485
4601	485
4602	485
4603	485
4604	485
4605	485
4606	485
4607	485
4608	485
4609	485
4610	485
4611	485
4612	485
4613	485
4614	485
4615	485
4616	485
4617	485
4618	485
4619	485
4620	485
4621	485
4622	485
4623	485
4624	485
4625	485
4626	485
4627	485
4628	485
4629	485
4630	485
4631	485
4632	485
4633	485
4634	485
4635	485
4636	485
4637	485
4638	485
4639	485
4640	485
4641	485
4642	485
4643	485
4644	485
4645	485
4646	485
4647	485
4648	485
4649	485
4650	485
4651	485
4652	485
4653	485
4654	485
4655	485
4656	485
4657	485
4658	485
4659	485
4660	485
4661	485
4662	485
4663	485
4664	485
4665	485
4666	485
4667	485
4668	485
4669	485
4670	485
4671	485
4672	485
4673	485
4674	485
4675	485
4676	485
4677	485
4678	485
4679	485
4680	485
4681	485
4682	485
4683	485
4684	485
4685	485
4686	485
4687	485
4688	486
4689	487
4690	487
4691	487
4692	487
4693	487
4694	487
4695	487
4696	487
4697	487
4698	487
4699	487
4700	487
4701	487
4702	487
4703	487
4704	487
4705	487
4706	487
4707	487
4708	487
4709	487
4710	487
4711	487
4712	487
4713	487
4714	487
4715	487
4716	487
4717	487
4718	487
4719	487
4720	487
4721	487
4722	487
4723	487
4724	487
4725	487
4726	487
4727	487
4728	487
4729	487
4730	487
4731	487
4732	487
4733	487
4734	487
4735	487
4736	487
4737	487
4738	487
4739	487
4740	487
4741	487
4742	487
4743	487
4744	487
4745	487
4746	487
4747	487
4748	487
4749	487
4750	487
4751	490
4752	492
4753	492
4754	492
4755	492
4756	492
4757	492
4758	492
4759	492
4760	492
4761	492
4762	492
4763	492
4764	492
4765	492
4766	492
4767	492
4768	492
4769	492
4770	492
4771	492
4772	492
4773	492
4774	492
4775	492
4776	492
4777	492
4778	492
4779	492
4780	492
4781	492
4782	492
4783	492
4784	492
4785	492
4786	492
4787	492
4788	492
4789	492
4790	492
4791	492
4792	492
4793	492
4794	492
4795	492
4796	492
4797	492
4798	492
4799	492
4800	492
4801	492
4802	492
4803	492
4804	492
4805	492
4806	492
4807	492
4808	492
4809	492
4810	492
4811	492
4812	492
4813	492
4814	493
4815	498
4816	501
4817	501
4818	501
4819	501
4820	501
4821	501
4822	501
4823	501
4824	501
4825	501
4826	501
4827	501
4828	501
4829	501
4830	501
4831	501
4832	501
4833	501
4834	501
4835	501
4836	501
4837	501
4838	501
4839	501
4840	501
4841	501
4842	501
4843	501
4844	501
4845	501
4846	501
4847	501
4848	501
4849	501
4850	501
4851	501
4852	501
4853	501
4854	501
4855	501
4856	501
4857	501
4858	501
4859	501
4860	501
4861	501
4862	501
4863	501
4864	501
4865	501
4866	501
4867	501
4868	501
4869	501
4870	501
4871	501
4872	501
4873	501
4874	501
4875	501
4876	501
4877	501
4878	505
4879	511
4880	513
4881	513
4882	513
4883	513
4884	513
4885	513
4886	513
4887	513
4888	513
4889	513
4890	513
4891	513
4892	513
4893	513
4894	513
4895	513
4896	513
4897	513
4898	513
4899	513
4900	513
4901	513
4902	513
4903	513
4904	513
4905	513
4906	513
4907	513
4908	513
4909	513
4910	513
4911	513
4912	513
4913	513
4914	513
4915	513
4916	513
4917	513
4918	513
4919	513
4920	513
4921	513
4922	513
4923	513
4924	513
4925	513
4926	513
4927	513
4928	513
4929	513
4930	513
4931	513
4932	513
4933	513
4934	513
4935	513
4936	513
4937	513
4938	513
4939	513
4940	513
4941	514
4942	522
4943	527
4944	530
4945	530
4946	530
4947	530
4948	530
4949	530
4950	530
4951	530
4952	530
4953	530
4954	530
4955	530
4956	530
4957	530
4958	530
4959	530
4960	530
4961	530
4962	530
4963	530
4964	530
4965	530
4966	530
4967	530
4968	530
4969	530
4970	530
4971	530
4972	530
4973	530
4974	530
4975	530
4976	530
4977	530
4978	530
4979	530
4980	530
4981	530
4982	530
4983	530
4984	530
4985	530
4986	530
4987	530
4988	530
4989	530
4990	530
4991	530
4992	530
4993	530
4994	530
4995	530
4996	530
4997	530
4998	530
4999	530
5000	530
5001	530
5002	530
5003	530
5004	530
5005	535
5006	544
5007	549
5008	553
5009	553
5010	553
5011	553
5012	553
5013	553
5014	553
5015	553
5016	553
5017	553
5018	553
5019	553
5020	553
5021	553
5022	553
5023	553
5024	553
5025	553
5026	553
5027	553
5028	553
5029	553
5030	553
5031	553
5032	553
5033	553
5034	553
5035	553
5036	553
5037	553
5038	553
5039	553
5040	553
5041	553
5042	553
5043	553
5044	553
5045	553
5046	553
5047	553
5048	553
5049	553
5050	553
5051	553
5052	553
5053	553
5054	553
5055	553
5056	553
5057	553
5058	553
5059	553
5060	553
5061	553
5062	553
5063	553
5064	553
5065	553
5066	553
5067	553
5068	553
5069	561
5070	571
5071	577
5072	580
5073	580
5074	580
5075	580
5076	580
5077	580
5078	580
5079	580
5080	580
5081	580
5082	580
5083	580
5084	580
5085	580
5086	580
5087	580
5088	580
5089	580
5090	580
5091	580
5092	580
5093	580
5094	580
5095	580
5096	580
5097	580
5098	580
5099	580
5100	580
5101	580
5102	580
5103	580
5104	580
5105	580
5106	580
5107	580
5108	580
5109	580
5110	580
5111	580
5112	580
5113	580
5114	580
5115	580
5116	580
5117	580
5118	580
5119	580
5120	580
5121	580
5122	580
5123	580
5124	580
5125	580
5126	580
5127	580
5128	580
5129	580
5130	580
5131	580
5132	580
5133	592
5134	604
5135	608
5136	610
5137	610
5138	610
5139	610
5140	610
5141	610
5142	610
5143	610
5144	610
5145	610
5146	610
5147	610
5148	610
5149	610
5150	610
5151	610
5152	610
5153	610
5154	610
5155	610
5156	610
5157	610
5158	610
5159	610
5160	610
5161	610
5162	610
5163	610
5164	610
5165	610
5166	610
5167	610
5168	610
5169	610
5170	610
5171	610
5172	610
5173	610
5174	610
5175	610
5176	610
5177	610
5178	610
5179	610
5180	610
5181	610
5182	610
5183	610
5184	610
5185	610
5186	610
5187	610
5188	610
5189	610
5190	610
5191	610
5192	610
5193	610
5194	610
5195	610
5196	610
5197	621
5198	633
5199	637
5200	638
5201	638
5202	638
5203	638
5204	638
5205	638
5206	638
5207	638
5208	638
5209	638
5210	638
5211	638
5212	638
5213	638
5214	638
5215	638
5216	638
5217	638
5218	638
5219	638
5220	638
5221	638
5222	638
5223	638
5224	638
5225	638
5226	638
5227	638
5228	638
5229	638
5230	638
5231	638
5232	638
5233	638
5234	638
5235	638
5236	638
5237	638
5238	638
5239	638
5240	638
5241	638
5242	638
5243	638
5244	638
5245	638
5246	638
5247	638
5248	638
5249	638
5250	638
5251	638
5252	638
5253	638
5254	638
5255	638
5256	638
5257	638
5258	638
5259	638
5260	638
5261	648
5262	660
5263	664
5264	664
5265	664
5266	664
5267	664
5268	664
5269	664
5270	664
5271	664
5272	664
5273	664
5274	664
5275	664
5276	664
5277	664
5278	664
5279	664
5280	664
5281	664
5282	664
5283	664
5284	664
5285	664
5286	664
5287	664
5288	664
5289	664
5290	664
5291	664
5292	664
5293	664
5294	664
5295	664
5296	664
5297	664
5298	664
5299	664
5300	664
5301	664
5302	664
5303	664
5304	664
5305	664
5306	664
5307	664
5308	664
5309	664
5310	664
5311	664
5312	664
5313	664
5314	664
5315	664
5316	664
5317	664
5318	664
5319	664
5320	664
5321	664
5322	664
5323	664
5324	664
5325	673
5326	684
5327	688
5328	688
5329	688
5330	688
5331	688
5332	688
5333	688
5334	688
5335	688
5336	688
5337	688
5338	688
5339	688
5340	688
5341	688
5342	688
5343	688
5344	688
5345	688
5346	688
5347	688
5348	688
5349	688
5350	688
5351	688
5352	688
5353	688
5354	688
5355	688
5356	688
5357	688
5358	688
5359	688
5360	688
5361	688
5362	688
5363	688
5364	688
5365	688
5366	688
5367	688
5368	688
5369	688
5370	688
5371	688
5372	688
5373	688
5374	688
5375	688
5376	688
5377	688
5378	688
5379	688
5380	688
5381	688
5382	688
5383	688
5384	688
5385	688
5386	688
5387	688
5388	688
5389	695
5390	705
5391	708
5392	708
5393	708
5394	708
5395	708
5396	708
5397	708
5398	708
5399	708
5400	708
5401	708
5402	708
5403	708
5404	708
5405	708
5406	708
5407	708
5408	708
5409	708
5410	708
5411	708
5412	708
5413	708
5414	708
5415	708
5416	708
5417	708
5418	708
5419	708
5420	708
5421	708
5422	708
5423	708
5424	708
5425	708
5426	708
5427	708
5428	708
5429	708
5430	708
5431	708
5432	708
5433	708
5434	708
5435	708
5436	708
5437	708
5438	708
5439	708
5440	708
5441	708
5442	708
5443	708
5444	708
5445	708
5446	708
5447	708
5448	708
5449	708
5450	708
5451	708
5452	708
5453	711
5454	721
5455	724
5456	724
5457	724
5458	724
5459	724
5460	724
5461	724
5462	724
5463	724
5464	724
5465	724
5466	724
5467	724
5468	724
5469	724
5470	724
5471	724
5472	724
5473	724
5474	724
5475	724
5476	724
5477	724
5478	724
5479	724
5480	724
5481	724
5482	724
5483	724
5484	724
5485	724
5486	724
5487	724
5488	724
5489	724
5490	724
5491	724
5492	724
5493	724
5494	724
5495	724
5496	724
5497	724
5498	724
5499	724
5500	724
5501	724
5502	724
5503	724
5504	724
5505	724
5506	724
5507	724
5508	724
5509	724
5510	724
5511	724
5512	724
5513	724
5514	724
5515	724
5516	724
5517	725
5518	734
5519	737
5520	737
5521	737
5522	737
5523	737
5524	737
5525	737
5526	737
5527	737
5528	737
5529	737
5530	737
5531	737
5532	737
5533	737
5534	737
5535	737
5536	737
5537	737
5538	737
5539	737
5540	737
5541	737
5542	737
5543	737
5544	737
5545	737
5546	737
5547	737
5548	737
5549	737
5550	737
5551	737
5552	737
5553	737
5554	737
5555	737
5556	737
5557	737
5558	737
5559	737
5560	737
5561	737
5562	737
5563	737
5564	737
5565	737
5566	737
5567	737
5568	737
5569	737
5570	737
5571	737
5572	737
5573	737
5574	737
5575	737
5576	737
5577	737
5578	737
5579	737
5580	737
5581	738
5582	746
5583	749
5584	749
5585	749
5586	749
5587	749
5588	749
5589	749
5590	749
5591	749
5592	749
5593	749
5594	749
5595	749
5596	749
5597	749
5598	749
5599	749
5600	749
5601	749
5602	749
5603	749
5604	749
5605	749
5606	749
5607	749
5608	749
5609	749
5610	749
5611	749
5612	749
5613	749
5614	749
5615	749
5616	749
5617	749
5618	749
5619	749
5620	749
5621	749
5622	749
5623	749
5624	749
5625	749
5626	749
5627	749
5628	749
5629	749
5630	749
5631	749
5632	749
5633	749
5634	749
5635	749
5636	749
5637	749
5638	749
5639	749
5640	749
5641	749
5642	749
5643	749
5644	749
5645	751
5646	753
5647	754
5648	754
5649	754
5650	754
5651	754
5652	754
5653	754
5654	754
5655	754
5656	754
5657	754
5658	754
5659	754
5660	754
5661	754
5662	754
5663	754
5664	754
5665	754
5666	754
5667	754
5668	754
5669	754
5670	754
5671	754
5672	754
5673	754
5674	754
5675	754
5676	754
5677	754
5678	754
5679	754
5680	754
5681	754
5682	754
5683	754
5684	754
5685	754
5686	754
5687	754
5688	754
5689	754
5690	754
5691	754
5692	754
5693	754
5694	754
5695	754
5696	754
5697	754
5698	754
5699	754
5700	754
5701	754
5702	754
5703	754
5704	754
5705	754
5706	754
5707	754
5708	754
5709	754
5710	756
5711	756
5712	756
5713	756
5714	756
5715	756
5716	756
5717	756
5718	756
5719	756
5720	756
5721	756
5722	756
5723	756
5724	756
5725	756
5726	756
5727	756
5728	756
5729	756
5730	756
5731	756
5732	756
5733	756
5734	756
5735	756
5736	756
5737	756
5738	756
5739	756
5740	756
5741	756
5742	756
5743	756
5744	756
5745	756
5746	756
5747	756
5748	756
5749	756
5750	756
5751	756
5752	756
5753	756
5754	756
5755	756
5756	756
5757	756
5758	756
5759	756
5760	756
5761	756
5762	756
5763	756
5764	756
5765	756
5766	756
5767	756
5768	756
5769	756
5770	756
5771	756
5772	756
5773	756
5774	756
5775	756
5776	756
5777	756
5778	756
5779	756
5780	756
5781	756
5782	756
5783	756
5784	756
5785	756
5786	756
5787	756
5788	756
5789	756
5790	756
5791	756
5792	756
5793	756
5794	756
5795	756
5796	756
5797	756
5798	756
5799	756
5800	756
5801	756
5802	756
5803	756
5804	756
5805	756
5806	756
5807	756
5808	756
5809	756
5810	756
5811	756
5812	756
5813	756
5814	756
5815	756
5816	756
5817	756
5818	756
5819	756
5820	756
5821	756
5822	756
5823	756
5824	756
5825	756
5826	756
5827	756
5828	756
5829	756
5830	756
5831	756
5832	756
5833	756
5834	756
5835	756
5836	756
5837	756
5838	755
5839	755
5840	755
5841	755
5842	755
5843	755
5844	755
5845	755
5846	755
5847	755
5848	755
5849	755
5850	755
5851	755
5852	755
5853	755
5854	755
5855	755
5856	755
5857	755
5858	755
5859	755
5860	755
5861	755
5862	755
5863	755
5864	755
5865	755
5866	755
5867	755
5868	755
5869	755
5870	755
5871	755
5872	755
5873	755
5874	755
5875	755
5876	755
5877	755
5878	755
5879	755
5880	755
5881	755
5882	755
5883	755
5884	755
5885	755
5886	755
5887	755
5888	755
5889	755
5890	755
5891	755
5892	755
5893	755
5894	755
5895	755
5896	755
5897	755
5898	755
5899	755
5900	755
5901	755
5902	757
5903	757
5904	757
5905	757
5906	757
5907	757
5908	757
5909	757
5910	757
5911	757
5912	757
5913	757
5914	757
5915	757
5916	757
5917	757
5918	757
5919	757
5920	757
5921	757
5922	757
5923	757
5924	757
5925	757
5926	757
5927	757
5928	757
5929	757
5930	757
5931	757
5932	757
5933	757
5934	757
5935	757
5936	757
5937	757
5938	757
5939	757
5940	757
5941	757
5942	757
5943	757
5944	757
5945	757
5946	757
5947	757
5948	757
5949	757
5950	757
5951	757
5952	757
5953	757
5954	757
5955	757
5956	757
5957	757
5958	757
5959	757
5960	757
5961	757
5962	757
5963	757
5964	757
5965	759
5966	762
5967	762
5968	762
5969	762
5970	762
5971	762
5972	762
5973	762
5974	762
5975	762
5976	762
5977	762
5978	762
5979	762
5980	762
5981	762
5982	762
5983	762
5984	762
5985	762
5986	762
5987	762
5988	762
5989	762
5990	762
5991	762
5992	762
5993	762
5994	762
5995	762
5996	762
5997	762
5998	762
5999	762
6000	762
6001	762
6002	762
6003	762
6004	762
6005	762
6006	762
6007	762
6008	762
6009	762
6010	762
6011	762
6012	762
6013	762
6014	762
6015	762
6016	762
6017	762
6018	762
6019	762
6020	762
6021	762
6022	762
6023	762
6024	762
6025	762
6026	762
6027	762
6028	762
6029	766
6030	769
6031	769
6032	769
6033	769
6034	769
6035	769
6036	769
6037	769
6038	769
6039	769
6040	769
6041	769
6042	769
6043	769
6044	769
6045	769
6046	769
6047	769
6048	769
6049	769
6050	769
6051	769
6052	769
6053	769
6054	769
6055	769
6056	769
6057	769
6058	769
6059	769
6060	769
6061	769
6062	769
6063	769
6064	769
6065	769
6066	769
6067	769
6068	769
6069	769
6070	769
6071	769
6072	769
6073	769
6074	769
6075	769
6076	769
6077	769
6078	769
6079	769
6080	769
6081	769
6082	769
6083	769
6084	769
6085	769
6086	769
6087	769
6088	769
6089	769
6090	769
6091	769
6092	770
6093	777
6094	780
6095	780
6096	780
6097	780
6098	780
6099	780
6100	780
6101	780
6102	780
6103	780
6104	780
6105	780
6106	780
6107	780
6108	780
6109	780
6110	780
6111	780
6112	780
6113	780
6114	780
6115	780
6116	780
6117	780
6118	780
6119	780
6120	780
6121	780
6122	780
6123	780
6124	780
6125	780
6126	780
6127	780
6128	780
6129	780
6130	780
6131	780
6132	780
6133	780
6134	780
6135	780
6136	780
6137	780
6138	780
6139	780
6140	780
6141	780
6142	780
6143	780
6144	780
6145	780
6146	780
6147	780
6148	780
6149	780
6150	780
6151	780
6152	780
6153	780
6154	780
6155	780
6156	784
6157	790
6158	792
6159	792
6160	792
6161	792
6162	792
6163	792
6164	792
6165	792
6166	792
6167	792
6168	792
6169	792
6170	792
6171	792
6172	792
6173	792
6174	792
6175	792
6176	792
6177	792
6178	792
6179	792
6180	792
6181	792
6182	792
6183	792
6184	792
6185	792
6186	792
6187	792
6188	792
6189	792
6190	792
6191	792
6192	792
6193	792
6194	792
6195	792
6196	792
6197	792
6198	792
6199	792
6200	792
6201	792
6202	792
6203	792
6204	792
6205	792
6206	792
6207	792
6208	792
6209	792
6210	792
6211	792
6212	792
6213	792
6214	792
6215	792
6216	792
6217	792
6218	792
6219	792
6220	801
6221	804
6222	804
6223	804
6224	804
6225	804
6226	804
6227	804
6228	804
6229	804
6230	804
6231	804
6232	804
6233	804
6234	804
6235	804
6236	804
6237	804
6238	804
6239	804
6240	804
6241	804
6242	804
6243	804
6244	804
6245	804
6246	804
6247	804
6248	804
6249	804
6250	804
6251	804
6252	804
6253	804
6254	804
6255	804
6256	804
6257	804
6258	804
6259	804
6260	804
6261	804
6262	804
6263	804
6264	804
6265	804
6266	804
6267	804
6268	804
6269	804
6270	804
6271	804
6272	804
6273	804
6274	804
6275	804
6276	804
6277	804
6278	804
6279	804
6280	804
6281	804
6282	804
6283	804
6284	815
6285	818
6286	818
6287	818
6288	818
6289	818
6290	818
6291	818
6292	818
6293	818
6294	818
6295	818
6296	818
6297	818
6298	818
6299	818
6300	818
6301	818
6302	818
6303	818
6304	818
6305	818
6306	818
6307	818
6308	818
6309	818
6310	818
6311	818
6312	818
6313	818
6314	818
6315	818
6316	818
6317	818
6318	818
6319	818
6320	818
6321	818
6322	818
6323	818
6324	818
6325	818
6326	818
6327	818
6328	818
6329	818
6330	818
6331	818
6332	818
6333	818
6334	818
6335	818
6336	818
6337	818
6338	818
6339	818
6340	818
6341	818
6342	818
6343	818
6344	818
6345	818
6346	818
6347	818
6348	828
6349	830
6350	830
6351	830
6352	830
6353	830
6354	830
6355	830
6356	830
6357	830
6358	830
6359	830
6360	830
6361	830
6362	830
6363	830
6364	830
6365	830
6366	830
6367	830
6368	830
6369	830
6370	830
6371	830
6372	830
6373	830
6374	830
6375	830
6376	830
6377	830
6378	830
6379	830
6380	830
6381	830
6382	830
6383	830
6384	830
6385	830
6386	830
6387	830
6388	830
6389	830
6390	830
6391	830
6392	830
6393	830
6394	830
6395	830
6396	830
6397	830
6398	830
6399	830
6400	830
6401	830
6402	830
6403	830
6404	830
6405	830
6406	830
6407	830
6408	830
6409	830
6410	830
6411	830
6412	839
6413	841
6414	841
6415	841
6416	841
6417	841
6418	841
6419	841
6420	841
6421	841
6422	841
6423	841
6424	841
6425	841
6426	841
6427	841
6428	841
6429	841
6430	841
6431	841
6432	841
6433	841
6434	841
6435	841
6436	841
6437	841
6438	841
6439	841
6440	841
6441	841
6442	841
6443	841
6444	841
6445	841
6446	841
6447	841
6448	841
6449	841
6450	841
6451	841
6452	841
6453	841
6454	841
6455	841
6456	841
6457	841
6458	841
6459	841
6460	841
6461	841
6462	841
6463	841
6464	841
6465	841
6466	841
6467	841
6468	841
6469	841
6470	841
6471	841
6472	841
6473	841
6474	841
6475	841
6476	847
6477	850
6478	850
6479	850
6480	850
6481	850
6482	850
6483	850
6484	850
6485	850
6486	850
6487	850
6488	850
6489	850
6490	850
6491	850
6492	850
6493	850
6494	850
6495	850
6496	850
6497	850
6498	850
6499	850
6500	850
6501	850
6502	850
6503	850
6504	850
6505	850
6506	850
6507	850
6508	850
6509	850
6510	850
6511	850
6512	850
6513	850
6514	850
6515	850
6516	850
6517	850
6518	850
6519	850
6520	850
6521	850
6522	850
6523	850
6524	850
6525	850
6526	850
6527	850
6528	850
6529	850
6530	850
6531	850
6532	850
6533	850
6534	850
6535	850
6536	850
6537	850
6538	850
6539	850
6540	851
6541	854
6542	854
6543	854
6544	854
6545	854
6546	854
6547	854
6548	854
6549	854
6550	854
6551	854
6552	854
6553	854
6554	854
6555	854
6556	854
6557	854
6558	854
6559	854
6560	854
6561	854
6562	854
6563	854
6564	854
6565	854
6566	854
6567	854
6568	854
6569	854
6570	854
6571	854
6572	854
6573	854
6574	854
6575	854
6576	854
6577	854
6578	854
6579	854
6580	854
6581	854
6582	854
6583	854
6584	854
6585	854
6586	854
6587	854
6588	854
6589	854
6590	854
6591	854
6592	854
6593	854
6594	854
6595	854
6596	854
6597	854
6598	854
6599	854
6600	854
6601	854
6602	854
6603	854
6604	854
6605	851
6606	851
6607	851
6608	851
6609	851
6610	851
6611	851
6612	851
6613	851
6614	851
6615	851
6616	851
6617	851
6618	851
6619	851
6620	851
6621	851
6622	851
6623	851
6624	851
6625	851
6626	851
6627	851
6628	851
6629	851
6630	851
6631	851
6632	851
6633	851
6634	851
6635	851
6636	851
6637	851
6638	851
6639	851
6640	851
6641	851
6642	851
6643	851
6644	851
6645	851
6646	851
6647	851
6648	851
6649	851
6650	851
6651	851
6652	851
6653	851
6654	851
6655	851
6656	851
6657	851
6658	851
6659	851
6660	851
6661	851
6662	851
6663	851
6664	851
6665	851
6666	851
6667	851
6668	851
6669	844
6670	840
6671	840
6672	840
6673	840
6674	840
6675	840
6676	840
6677	840
6678	840
6679	840
6680	840
6681	840
6682	840
6683	840
6684	840
6685	840
6686	840
6687	840
6688	840
6689	840
6690	840
6691	840
6692	840
6693	840
6694	840
6695	840
6696	840
6697	840
6698	840
6699	840
6700	840
6701	840
6702	840
6703	840
6704	840
6705	840
6706	840
6707	840
6708	840
6709	840
6710	840
6711	840
6712	840
6713	840
6714	840
6715	840
6716	840
6717	840
6718	840
6719	840
6720	840
6721	840
6722	840
6723	840
6724	840
6725	840
6726	840
6727	840
6728	840
6729	840
6730	840
6731	840
6732	840
6733	832
6734	823
6735	822
6736	822
6737	822
6738	822
6739	822
6740	822
6741	822
6742	822
6743	822
6744	822
6745	822
6746	822
6747	822
6748	822
6749	822
6750	822
6751	822
6752	822
6753	822
6754	822
6755	822
6756	822
6757	822
6758	822
6759	822
6760	822
6761	822
6762	822
6763	822
6764	822
6765	822
6766	822
6767	822
6768	822
6769	822
6770	822
6771	822
6772	822
6773	822
6774	822
6775	822
6776	822
6777	822
6778	822
6779	822
6780	822
6781	822
6782	822
6783	822
6784	822
6785	822
6786	822
6787	822
6788	822
6789	822
6790	822
6791	822
6792	822
6793	822
6794	822
6795	822
6796	821
6797	813
6798	805
6799	804
6800	804
6801	804
6802	804
6803	804
6804	804
6805	804
6806	804
6807	804
6808	804
6809	804
6810	804
6811	804
6812	804
6813	804
6814	804
6815	804
6816	804
6817	804
6818	804
6819	804
6820	804
6821	804
6822	804
6823	804
6824	804
6825	804
6826	804
6827	804
6828	804
6829	804
6830	804
6831	804
6832	804
6833	804
6834	804
6835	804
6836	804
6837	804
6838	804
6839	804
6840	804
6841	804
6842	804
6843	804
6844	804
6845	804
6846	804
6847	804
6848	804
6849	804
6850	804
6851	804
6852	804
6853	804
6854	804
6855	804
6856	804
6857	804
6858	804
6859	804
6860	802
6861	794
6862	791
6863	791
6864	791
6865	791
6866	791
6867	791
6868	791
6869	791
6870	791
6871	791
6872	791
6873	791
6874	791
6875	791
6876	791
6877	791
6878	791
6879	791
6880	791
6881	791
6882	791
6883	791
6884	791
6885	791
6886	791
6887	791
6888	791
6889	791
6890	791
6891	791
6892	791
6893	791
6894	791
6895	791
6896	791
6897	791
6898	791
6899	791
6900	791
6901	791
6902	791
6903	791
6904	791
6905	791
6906	791
6907	791
6908	791
6909	791
6910	791
6911	791
6912	791
6913	791
6914	791
6915	791
6916	791
6917	791
6918	791
6919	791
6920	791
6921	791
6922	791
6923	791
6924	788
6925	783
6926	783
6927	783
6928	783
6929	783
6930	783
6931	783
6932	783
6933	783
6934	783
6935	783
6936	783
6937	783
6938	783
6939	783
6940	783
6941	783
6942	783
6943	783
6944	783
6945	783
6946	783
6947	783
6948	783
6949	783
6950	783
6951	783
6952	783
6953	783
6954	783
6955	783
6956	783
6957	783
6958	783
6959	783
6960	783
6961	783
6962	783
6963	783
6964	783
6965	783
6966	783
6967	783
6968	783
6969	783
6970	783
6971	783
6972	783
6973	783
6974	783
6975	783
6976	783
6977	783
6978	783
6979	783
6980	783
6981	783
6982	783
6983	783
6984	783
6985	783
6986	783
6987	783
6988	782
6989	782
6990	782
6991	782
6992	782
6993	782
6994	782
6995	782
6996	782
6997	782
6998	782
6999	782
7000	782
7001	782
7002	782
7003	782
7004	782
7005	782
7006	782
7007	782
7008	782
7009	782
7010	782
7011	782
7012	782
7013	782
7014	782
7015	782
7016	782
7017	782
7018	782
7019	782
7020	782
7021	782
7022	782
7023	782
7024	782
7025	782
7026	782
7027	782
7028	782
7029	782
7030	782
7031	782
7032	782
7033	782
7034	782
7035	782
7036	782
7037	782
7038	782
7039	782
7040	782
7041	782
7042	782
7043	782
7044	782
7045	782
7046	782
7047	782
7048	782
7049	782
7050	782
7051	786
7052	790
7053	790
7054	790
7055	790
7056	790
7057	790
7058	790
7059	790
7060	790
7061	790
7062	790
7063	790
7064	790
7065	790
7066	790
7067	790
7068	790
7069	790
7070	790
7071	790
7072	790
7073	790
7074	790
7075	790
7076	790
7077	790
7078	790
7079	790
7080	790
7081	790
7082	790
7083	790
7084	790
7085	790
7086	790
7087	790
7088	790
7089	790
7090	790
7091	790
7092	790
7093	790
7094	790
7095	790
7096	790
7097	790
7098	790
7099	790
7100	790
7101	790
7102	790
7103	790
7104	790
7105	790
7106	790
7107	790
7108	790
7109	790
7110	790
7111	790
7112	790
7113	790
7114	794
7115	801
7116	805
7117	805
7118	805
7119	805
7120	805
7121	805
7122	805
7123	805
7124	805
7125	805
7126	805
7127	805
7128	805
7129	805
7130	805
7131	805
7132	805
7133	805
7134	805
7135	805
7136	805
7137	805
7138	805
7139	805
7140	805
7141	805
7142	805
7143	805
7144	805
7145	805
7146	805
7147	805
7148	805
7149	805
7150	805
7151	805
7152	805
7153	805
7154	805
7155	805
7156	805
7157	805
7158	805
7159	805
7160	805
7161	805
7162	805
7163	805
7164	805
7165	805
7166	805
7167	805
7168	805
7169	805
7170	805
7171	805
7172	805
7173	805
7174	805
7175	805
7176	805
7177	805
7178	814
7179	820
7180	824
7181	824
7182	824
7183	824
7184	824
7185	824
7186	824
7187	824
7188	824
7189	824
7190	824
7191	824
7192	824
7193	824
7194	824
7195	824
7196	824
7197	824
7198	824
7199	824
7200	824
7201	824
7202	824
7203	824
7204	824
7205	824
7206	824
7207	824
7208	824
7209	824
7210	824
7211	824
7212	824
7213	824
7214	824
7215	824
7216	824
7217	824
7218	824
7219	824
7220	824
7221	824
7222	824
7223	824
7224	824
7225	824
7226	824
7227	824
7228	824
7229	824
7230	824
7231	824
7232	824
7233	824
7234	824
7235	824
7236	824
7237	824
7238	824
7239	824
7240	824
7241	824
7242	836
7243	840
7244	840
7245	840
7246	840
7247	840
7248	840
7249	840
7250	840
7251	840
7252	840
7253	840
7254	840
7255	840
7256	840
7257	840
7258	840
7259	840
7260	840
7261	840
7262	840
7263	840
7264	840
7265	840
7266	840
7267	840
7268	840
7269	840
7270	840
7271	840
7272	840
7273	840
7274	840
7275	840
7276	840
7277	840
7278	840
7279	840
7280	840
7281	840
7282	840
7283	840
7284	840
7285	840
7286	840
7287	840
7288	840
7289	840
7290	840
7291	840
7292	840
7293	840
7294	840
7295	840
7296	840
7297	840
7298	840
7299	840
7300	840
7301	840
7302	840
7303	840
7304	840
7305	840
7306	849
7307	853
7308	853
7309	853
7310	853
7311	853
7312	853
7313	853
7314	853
7315	853
7316	853
7317	853
7318	853
7319	853
7320	853
7321	853
7322	853
7323	853
7324	853
7325	853
7326	853
7327	853
7328	853
7329	853
7330	853
7331	853
7332	853
7333	853
7334	853
7335	853
7336	853
7337	853
7338	853
7339	853
7340	853
7341	853
7342	853
7343	853
7344	853
7345	853
7346	853
7347	853
7348	853
7349	853
7350	853
7351	853
7352	853
7353	853
7354	853
7355	853
7356	853
7357	853
7358	853
7359	853
7360	853
7361	853
7362	853
7363	853
7364	853
7365	853
7366	853
7367	853
7368	853
7369	853
7370	854
7371	858
7372	858
7373	858
7374	858
7375	858
7376	858
7377	858
7378	858
7379	858
7380	858
7381	858
7382	858
7383	858
7384	858
7385	858
7386	858
7387	858
7388	858
7389	858
7390	858
7391	858
7392	858
7393	858
7394	858
7395	858
7396	858
7397	858
7398	858
7399	858
7400	858
7401	858
7402	858
7403	858
7404	858
7405	858
7406	858
7407	858
7408	858
7409	858
7410	858
7411	858
7412	858
7413	858
7414	858
7415	858
7416	858
7417	858
7418	858
7419	858
7420	858
7421	858
7422	858
7423	858
7424	858
7425	858
7426	858
7427	858
7428	858
7429	858
7430	858
7431	858
7432	858
7433	858
7434	858
7435	855
7436	854
7437	854
7438	854
7439	854
7440	854
7441	854
7442	854
7443	854
7444	854
7445	854
7446	854
7447	854
7448	854
7449	854
7450	854
7451	854
7452	854
7453	854
7454	854
7455	854
7456	854
7457	854
7458	854
7459	854
7460	854
7461	854
7462	854
7463	854
7464	854
7465	854
7466	854
7467	854
7468	854
7469	854
7470	854
7471	854
7472	854
7473	854
7474	854
7475	854
7476	854
7477	854
7478	854
7479	854
7480	854
7481	854
7482	854
7483	854
7484	854
7485	854
7486	854
7487	854
7488	854
7489	854
7490	854
7491	854
7492	854
7493	854
7494	854
7495	854
7496	854
7497	854
7498	854
7499	851
7500	842
7501	836
7502	836
7503	836
7504	836
7505	836
7506	836
7507	836
7508	836
7509	836
7510	836
7511	836
7512	836
7513	836
7514	836
7515	836
7516	836
7517	836
7518	836
7519	836
7520	836
7521	836
7522	836
7523	836
7524	836
7525	836
7526	836
7527	836
7528	836
7529	836
7530	836
7531	836
7532	836
7533	836
7534	836
7535	836
7536	836
7537	836
7538	836
7539	836
7540	836
7541	836
7542	836
7543	836
7544	836
7545	836
7546	836
7547	836
7548	836
7549	836
7550	836
7551	836
7552	836
7553	836
7554	836
7555	836
7556	836
7557	836
7558	836
7559	836
7560	836
7561	836
7562	836
7563	830
7564	821
7565	813
7566	805
7567	798
7568	798
7569	798
7570	798
7571	798
7572	798
7573	798
7574	798
7575	798
7576	798
7577	798
7578	798
7579	798
7580	798
7581	798
7582	798
7583	798
7584	798
7585	798
7586	798
7587	798
7588	798
7589	798
7590	798
7591	798
7592	798
7593	798
7594	798
7595	798
7596	798
7597	798
7598	798
7599	798
7600	798
7601	798
7602	798
7603	798
7604	798
7605	798
7606	798
7607	798
7608	798
7609	798
7610	798
7611	798
7612	798
7613	798
7614	798
7615	798
7616	798
7617	798
7618	798
7619	798
7620	798
7621	798
7622	798
7623	798
7624	798
7625	798
7626	798
7627	792
7628	783
7629	775
7630	767
7631	759
7632	743
7633	743
7634	743
7635	743
7636	743
7637	743
7638	743
7639	743
7640	743
7641	743
7642	743
7643	743
7644	743
7645	743
7646	743
7647	743
7648	743
7649	743
7650	743
7651	743
7652	743
7653	743
7654	743
7655	743
7656	743
7657	743
7658	743
7659	743
7660	743
7661	743
7662	743
7663	743
7664	743
7665	743
7666	743
7667	743
7668	743
7669	743
7670	743
7671	743
7672	743
7673	743
7674	743
7675	743
7676	743
7677	743
7678	743
7679	743
7680	743
7681	743
7682	743
7683	743
7684	743
7685	743
7686	743
7687	743
7688	743
7689	743
7690	743
7691	735
7692	726
7693	718
7694	710
7695	701
7696	679
7697	679
7698	679
7699	679
7700	679
7701	679
7702	679
7703	679
7704	679
7705	679
7706	679
7707	679
7708	679
7709	679
7710	679
7711	679
7712	679
7713	679
7714	679
7715	679
7716	679
7717	679
7718	679
7719	679
7720	679
7721	679
7722	679
7723	679
7724	679
7725	679
7726	679
7727	679
7728	679
7729	679
7730	679
7731	679
7732	679
7733	679
7734	679
7735	679
7736	679
7737	679
7738	679
7739	679
7740	679
7741	679
7742	679
7743	679
7744	679
7745	679
7746	679
7747	679
7748	679
7749	679
7750	679
7751	679
7752	679
7753	679
7754	679
7755	671
7756	663
7757	655
7758	648
7759	637
7760	621
7761	621
7762	621
7763	621
7764	621
7765	621
7766	621
7767	621
7768	621
7769	621
7770	621
7771	621
7772	621
7773	621
7774	621
7775	621
7776	621
7777	621
7778	621
7779	621
7780	621
7781	621
7782	621
7783	621
7784	621
7785	621
7786	621
7787	621
7788	621
7789	621
7790	621
7791	621
7792	621
7793	621
7794	621
7795	621
7796	621
7797	621
7798	621
7799	621
7800	621
7801	621
7802	621
7803	621
7804	621
7805	621
7806	621
7807	621
7808	621
7809	621
7810	621
7811	621
7812	621
7813	621
7814	621
7815	621
7816	621
7817	621
7818	621
7819	613
7820	606
7821	599
7822	592
7823	581
7824	577
7825	577
7826	577
7827	577
7828	577
7829	577
7830	577
7831	577
7832	577
7833	577
7834	577
7835	577
7836	577
7837	577
7838	577
7839	577
7840	577
7841	577
7842	577
7843	577
7844	577
7845	577
7846	577
7847	577
7848	577
7849	577
7850	577
7851	577
7852	577
7853	577
7854	577
7855	577
7856	577
7857	577
7858	577
7859	577
7860	577
7861	577
7862	577
7863	577
7864	577
7865	577
7866	577
7867	577
7868	577
7869	577
7870	577
7871	577
7872	577
7873	577
7874	577
7875	577
7876	577
7877	577
7878	577
7879	577
7880	577
7881	577
7882	576
7883	569
7884	563
7885	556
7886	554
7887	554
7888	554
7889	554
7890	554
7891	554
7892	554
7893	554
7894	554
7895	554
7896	554
7897	554
7898	554
7899	554
7900	554
7901	554
7902	554
7903	554
7904	554
7905	554
7906	554
7907	554
7908	554
7909	554
7910	554
7911	554
7912	554
7913	554
7914	554
7915	554
7916	554
7917	554
7918	554
7919	554
7920	554
7921	554
7922	554
7923	554
7924	554
7925	554
7926	554
7927	554
7928	554
7929	554
7930	554
7931	554
7932	554
7933	554
7934	554
7935	554
7936	554
7937	554
7938	554
7939	554
7940	554
7941	554
7942	554
7943	554
7944	554
7945	554
7946	553
7947	550
7948	550
7949	550
7950	550
7951	550
7952	550
7953	550
7954	550
7955	550
7956	550
7957	550
7958	550
7959	550
7960	550
7961	550
7962	550
7963	550
7964	550
7965	550
7966	550
7967	550
7968	550
7969	550
7970	550
7971	550
7972	550
7973	550
7974	550
7975	550
7976	550
7977	550
7978	550
7979	550
7980	550
7981	550
7982	550
7983	550
7984	550
7985	550
7986	550
7987	550
7988	550
7989	550
7990	550
7991	550
7992	550
7993	550
7994	550
7995	550
7996	550
7997	550
7998	550
7999	550
8000	550
8001	550
8002	550
8003	550
8004	550
8005	550
8006	550
8007	550
8008	550
8009	556
8010	560
8011	560
8012	560
8013	560
8014	560
8015	560
8016	560
8017	560
8018	560
8019	560
8020	560
8021	560
8022	560
8023	560
8024	560
8025	560
8026	560
8027	560
8028	560
8029	560
8030	560
8031	560
8032	560
8033	560
8034	560
8035	560
8036	560
8037	560
8038	560
8039	560
8040	560
8041	560
8042	560
8043	560
8044	560
8045	560
8046	560
8047	560
8048	560
8049	560
8050	560
8051	560
8052	560
8053	560
8054	560
8055	560
8056	560
8057	560
8058	560
8059	560
8060	560
8061	560
8062	560
8063	560
8064	560
8065	560
8066	560
8067	560
8068	560
8069	560
8070	560
8071	560
8072	571
8073	579
8074	583
8075	583
8076	583
8077	583
8078	583
8079	583
8080	583
8081	583
8082	583
8083	583
8084	583
8085	583
8086	583
8087	583
8088	583
8089	583
8090	583
8091	583
8092	583
8093	583
8094	583
8095	583
8096	583
8097	583
8098	583
8099	583
8100	583
8101	583
8102	583
8103	583
8104	583
8105	583
8106	583
8107	583
8108	583
8109	583
8110	583
8111	583
8112	583
8113	583
8114	583
8115	583
8116	583
8117	583
8118	583
8119	583
8120	583
8121	583
8122	583
8123	583
8124	583
8125	583
8126	583
8127	583
8128	583
8129	583
8130	583
8131	583
8132	583
8133	583
8134	583
8135	592
8136	607
8137	615
8138	620
8139	620
8140	620
8141	620
8142	620
8143	620
8144	620
8145	620
8146	620
8147	620
8148	620
8149	620
8150	620
8151	620
8152	620
8153	620
8154	620
8155	620
8156	620
8157	620
8158	620
8159	620
8160	620
8161	620
8162	620
8163	620
8164	620
8165	620
8166	620
8167	620
8168	620
8169	620
8170	620
8171	620
8172	620
8173	620
8174	620
8175	620
8176	620
8177	620
8178	620
8179	620
8180	620
8181	620
8182	620
8183	620
8184	620
8185	620
8186	620
8187	620
8188	620
8189	620
8190	620
8191	620
