0	261
1	260
2	258
3	256
4	255
5	254
6	253
7	252
8	251
9	250
10	250
11	280
12	308
13	333
14	357
15	379
16	400
17	418
18	435
19	452
20	467
21	480
22	493
23	505
24	516
25	522
26	525
27	520
28	515
29	511
30	506
31	501
32	485
33	470
34	456
35	442
36	430
37	416
38	406
39	395
40	385
41	376
42	367
43	359
44	351
45	344
46	337
47	331
48	325
49	320
50	315
51	310
52	305
53	301
54	297
55	294
56	290
57	287
58	285
59	282
60	279
61	277
62	275
63	273
64	271
65	270
66	268
67	267
68	265
69	264
70	263
71	262
72	261
73	260
74	262
75	291
76	319
77	345
78	368
79	389
80	408
81	426
82	443
83	458
84	472
85	486
86	498
87	510
88	521
89	525
90	528
91	523
92	518
93	513
94	509
95	503
96	487
97	473
98	459
99	446
100	433
101	422
102	411
103	401
104	391
105	382
106	374
107	366
108	358
109	351
110	345
111	338
112	333
113	327
114	323
115	317
116	314
117	310
118	306
119	303
120	300
121	297
122	294
123	290
124	288
125	286
126	284
127	282
128	280
129	279
130	277
131	276
132	274
133	273
134	272
135	271
136	270
137	269
138	275
139	303
140	330
141	354
142	376
143	397
144	416
145	433
146	450
147	465
148	479
149	492
150	504
151	515
152	526
153	530
154	531
155	527
156	522
157	517
158	513
159	505
160	490
161	476
162	463
163	450
164	438
165	427
166	417
167	406
168	397
169	388
170	380
171	372
172	365
173	358
174	352
175	346
176	340
177	335
178	330
179	326
180	321
181	317
182	314
183	310
184	307
185	304
186	302
187	299
188	297
189	294
190	292
191	290
192	289
193	286
194	285
195	284
196	283
197	282
198	281
199	280
200	279
201	278
202	288
203	316
204	341
205	365
206	387
207	408
208	426
209	444
210	460
211	475
212	489
213	501
214	513
215	524
216	534
217	538
218	539
219	534
220	529
221	524
222	520
223	512
224	497
225	483
226	470
227	457
228	446
229	434
230	424
231	414
232	404
233	395
234	387
235	379
236	372
237	365
238	359
239	353
240	347
241	342
242	337
243	333
244	329
245	325
246	321
247	318
248	315
249	312
250	309
251	306
252	304
253	302
254	300
255	298
256	296
257	295
258	293
259	292
260	290
261	289
262	288
263	286
264	286
265	285
266	304
267	332
268	357
269	381
270	403
271	422
272	441
273	458
274	474
275	489
276	502
277	515
278	527
279	538
280	546
281	549
282	547
283	542
284	537
285	533
286	529
287	517
288	503
289	489
290	476
291	463
292	452
293	441
294	430
295	420
296	411
297	403
298	394
299	387
300	380
301	373
302	366
303	360
304	355
305	350
306	345
307	341
308	336
309	333
310	329
311	325
312	322
313	319
314	317
315	314
316	312
317	310
318	307
319	306
320	304
321	302
322	301
323	299
324	298
325	297
326	296
327	295
328	294
329	293
330	315
331	343
332	369
333	393
334	415
335	435
336	454
337	471
338	487
339	502
340	516
341	529
342	542
343	553
344	560
345	563
346	560
347	555
348	551
349	546
350	541
351	528
352	513
353	499
354	486
355	473
356	462
357	451
358	440
359	430
360	421
361	412
362	404
363	396
364	389
365	382
366	376
367	370
368	364
369	359
370	354
371	349
372	345
373	341
374	337
375	333
376	331
377	328
378	325
379	322
380	319
381	317
382	315
383	313
384	311
385	310
386	308
387	306
388	305
389	304
390	303
391	302
392	301
393	299
394	326
395	354
396	381
397	406
398	428
399	449
400	468
401	486
402	503
403	518
404	532
405	545
406	558
407	569
408	576
409	579
410	575
411	570
412	565
413	560
414	556
415	541
416	526
417	512
418	499
419	485
420	473
421	461
422	451
423	441
424	431
425	422
426	414
427	406
428	398
429	391
430	385
431	379
432	373
433	368
434	362
435	358
436	353
437	349
438	345
439	342
440	338
441	335
442	332
443	330
444	327
445	325
446	323
447	321
448	319
449	317
450	315
451	314
452	313
453	311
454	310
455	309
456	308
457	307
458	338
459	368
460	395
461	420
462	443
463	464
464	483
465	502
466	518
467	534
468	548
469	562
470	574
471	586
472	591
473	594
474	589
475	584
476	579
477	574
478	569
479	553
480	538
481	524
482	510
483	497
484	485
485	473
486	462
487	452
488	442
489	433
490	424
491	416
492	409
493	401
494	395
495	388
496	382
497	376
498	371
499	366
500	362
501	358
502	354
503	350
504	346
505	343
506	340
507	338
508	335
509	333
510	330
511	328
512	325
513	324
514	322
515	321
516	320
517	318
518	317
519	316
520	315
521	317
522	350
523	380
524	407
525	433
526	456
527	477
528	497
529	516
530	533
531	549
532	563
533	577
534	590
535	602
536	606
537	609
538	603
539	598
540	592
541	587
542	580
543	565
544	549
545	535
546	521
547	508
548	495
549	484
550	473
551	462
552	452
553	443
554	434
555	426
556	418
557	411
558	404
559	397
560	391
561	386
562	380
563	375
564	371
565	366
566	362
567	358
568	355
569	352
570	349
571	346
572	343
573	340
574	338
575	335
576	333
577	332
578	330
579	328
580	327
581	326
582	324
583	323
584	322
585	329
586	362
587	392
588	420
589	446
590	469
591	491
592	512
593	530
594	548
595	564
596	579
597	592
598	606
599	618
600	621
601	623
602	617
603	611
604	605
605	600
606	592
607	576
608	561
609	546
610	532
611	519
612	506
613	495
614	482
615	472
616	462
617	452
618	443
619	435
620	427
621	420
622	412
623	406
624	400
625	394
626	389
627	384
628	379
629	374
630	370
631	366
632	363
633	359
634	356
635	353
636	351
637	348
638	345
639	343
640	341
641	339
642	338
643	336
644	334
645	333
646	331
647	330
648	329
649	338
650	372
651	403
652	432
653	459
654	483
655	506
656	526
657	545
658	563
659	579
660	594
661	608
662	622
663	633
664	635
665	636
666	630
667	624
668	618
669	613
670	603
671	587
672	572
673	557
674	542
675	529
676	516
677	504
678	493
679	482
680	472
681	462
682	453
683	444
684	437
685	429
686	422
687	415
688	409
689	403
690	397
691	392
692	386
693	382
694	378
695	374
696	370
697	367
698	363
699	360
700	357
701	355
702	352
703	350
704	348
705	346
706	344
707	342
708	340
709	339
710	337
711	336
712	335
713	349
714	384
715	415
716	444
717	471
718	495
719	517
720	538
721	558
722	575
723	592
724	607
725	622
726	635
727	647
728	648
729	648
730	641
731	635
732	629
733	623
734	612
735	594
736	579
737	564
738	550
739	536
740	523
741	511
742	499
743	488
744	478
745	468
746	458
747	450
748	442
749	434
750	427
751	420
752	413
753	407
754	402
755	397
756	392
757	387
758	383
759	379
760	375
761	371
762	368
763	365
764	362
765	359
766	357
767	354
768	352
769	350
770	348
771	346
772	344
773	343
774	342
775	341
776	340
777	367
778	401
779	432
780	461
781	488
782	512
783	534
784	555
785	574
786	591
787	608
788	624
789	638
790	651
791	659
792	661
793	657
794	650
795	644
796	638
797	633
798	618
799	601
800	586
801	569
802	556
803	542
804	529
805	517
806	505
807	494
808	484
809	474
810	465
811	456
812	448
813	440
814	432
815	426
816	419
817	413
818	408
819	402
820	397
821	392
822	388
823	384
824	380
825	377
826	373
827	370
828	367
829	365
830	362
831	359
832	357
833	355
834	353
835	351
836	350
837	348
838	347
839	345
840	344
841	376
842	410
843	442
844	471
845	497
846	522
847	544
848	565
849	584
850	602
851	619
852	634
853	648
854	662
855	668
856	669
857	664
858	658
859	651
860	645
861	640
862	623
863	607
864	591
865	576
866	562
867	548
868	535
869	523
870	511
871	500
872	489
873	479
874	470
875	461
876	453
877	445
878	437
879	430
880	423
881	417
882	412
883	406
884	401
885	396
886	392
887	387
888	384
889	380
890	377
891	373
892	370
893	368
894	365
895	363
896	360
897	358
898	356
899	354
900	353
901	351
902	350
903	348
904	347
905	382
906	417
907	448
908	478
909	504
910	529
911	551
912	572
913	592
914	610
915	627
916	642
917	656
918	671
919	675
920	676
921	670
922	663
923	657
924	651
925	644
926	627
927	610
928	595
929	580
930	565
931	552
932	539
933	526
934	514
935	503
936	493
937	483
938	473
939	464
940	456
941	448
942	441
943	434
944	427
945	421
946	415
947	410
948	404
949	400
950	395
951	391
952	387
953	383
954	380
955	377
956	374
957	371
958	368
959	366
960	363
961	361
962	359
963	357
964	355
965	354
966	352
967	351
968	353
969	390
970	424
971	456
972	485
973	512
974	536
975	559
976	580
977	599
978	617
979	634
980	649
981	663
982	677
983	681
984	681
985	675
986	668
987	661
988	655
989	648
990	631
991	614
992	598
993	583
994	568
995	555
996	541
997	528
998	517
999	506
1000	495
1001	485
1002	476
1003	467
1004	458
1005	451
1006	443
1007	436
1008	430
1009	423
1010	418
1011	412
1012	407
1013	402
1014	398
1015	393
1016	389
1017	386
1018	382
1019	379
1020	376
1021	373
1022	370
1023	368
1024	366
1025	364
1026	361
1027	360
1028	358
1029	356
1030	355
1031	353
1032	358
1033	395
1034	429
1035	462
1036	491
1037	517
1038	541
1039	563
1040	584
1041	603
1042	621
1043	637
1044	652
1045	667
1046	680
1047	682
1048	682
1049	675
1050	668
1051	661
1052	655
1053	646
1054	629
1055	613
1056	597
1057	582
1058	568
1059	554
1060	541
1061	529
1062	517
1063	506
1064	496
1065	486
1066	477
1067	468
1068	459
1069	452
1070	444
1071	437
1072	431
1073	425
1074	418
1075	413
1076	408
1077	403
1078	399
1079	395
1080	391
1081	387
1082	384
1083	381
1084	378
1085	375
1086	372
1087	370
1088	367
1089	365
1090	363
1091	361
1092	360
1093	358
1094	357
1095	355
1096	365
1097	401
1098	434
1099	465
1100	493
1101	518
1102	542
1103	564
1104	584
1105	602
1106	620
1107	636
1108	651
1109	665
1110	677
1111	678
1112	678
1113	671
1114	664
1115	658
1116	651
1117	642
1118	625
1119	609
1120	593
1121	579
1122	565
1123	552
1124	539
1125	527
1126	515
1127	504
1128	494
1129	485
1130	476
1131	467
1132	459
1133	451
1134	444
1135	437
1136	431
1137	425
1138	419
1139	414
1140	409
1141	404
1142	400
1143	396
1144	392
1145	388
1146	385
1147	382
1148	379
1149	376
1150	373
1151	371
1152	368
1153	367
1154	365
1155	363
1156	361
1157	360
1158	358
1159	357
1160	369
1161	403
1162	436
1163	465
1164	492
1165	517
1166	539
1167	560
1168	580
1169	598
1170	614
1171	630
1172	644
1173	658
1174	670
1175	671
1176	670
1177	663
1178	656
1179	650
1180	644
1181	634
1182	617
1183	602
1184	587
1185	573
1186	559
1187	546
1188	534
1189	522
1190	511
1191	500
1192	490
1193	481
1194	472
1195	463
1196	456
1197	448
1198	441
1199	435
1200	429
1201	423
1202	417
1203	412
1204	408
1205	403
1206	399
1207	395
1208	391
1209	388
1210	385
1211	382
1212	379
1213	376
1214	374
1215	372
1216	370
1217	368
1218	366
1219	364
1220	362
1221	361
1222	359
1223	358
1224	372
1225	405
1226	436
1227	464
1228	490
1229	513
1230	537
1231	556
1232	575
1233	592
1234	608
1235	623
1236	637
1237	650
1238	660
1239	661
1240	659
1241	652
1242	646
1243	640
1244	635
1245	624
1246	608
1247	592
1248	578
1249	565
1250	552
1251	539
1252	527
1253	516
1254	505
1255	496
1256	486
1257	477
1258	468
1259	460
1260	453
1261	446
1262	439
1263	433
1264	427
1265	422
1266	416
1267	412
1268	407
1269	402
1270	398
1271	394
1272	391
1273	387
1274	384
1275	382
1276	379
1277	376
1278	374
1279	372
1280	370
1281	368
1282	366
1283	364
1284	363
1285	361
1286	360
1287	359
1288	383
1289	414
1290	443
1291	469
1292	493
1293	515
1294	536
1295	555
1296	573
1297	589
1298	604
1299	618
1300	632
1301	644
1302	651
1303	652
1304	647
1305	641
1306	635
1307	629
1308	624
1309	610
1310	595
1311	580
1312	567
1313	554
1314	541
1315	529
1316	518
1317	508
1318	497
1319	488
1320	479
1321	470
1322	462
1323	455
1324	448
1325	441
1326	435
1327	429
1328	423
1329	418
1330	413
1331	408
1332	404
1333	400
1334	397
1335	393
1336	390
1337	386
1338	383
1339	380
1340	378
1341	376
1342	374
1343	371
1344	369
1345	368
1346	366
1347	364
1348	363
1349	362
1350	360
1351	359
1352	387
1353	417
1354	444
1355	470
1356	493
1357	514
1358	534
1359	552
1360	569
1361	585
1362	599
1363	613
1364	626
1365	638
1366	643
1367	644
1368	640
1369	633
1370	628
1371	622
1372	617
1373	602
1374	588
1375	574
1376	560
1377	548
1378	535
1379	523
1380	513
1381	502
1382	493
1383	484
1384	475
1385	467
1386	459
1387	452
1388	445
1389	438
1390	432
1391	427
1392	421
1393	416
1394	412
1395	407
1396	403
1397	399
1398	396
1399	392
1400	389
1401	386
1402	383
1403	381
1404	378
1405	376
1406	374
1407	372
1408	370
1409	368
1410	366
1411	365
1412	364
1413	362
1414	361
1415	360
1416	389
1417	420
1418	447
1419	471
1420	494
1421	514
1422	533
1423	551
1424	568
1425	583
1426	597
1427	610
1428	623
1429	634
1430	638
1431	639
1432	634
1433	628
1434	622
1435	617
1436	611
1437	596
1438	582
1439	568
1440	555
1441	543
1442	531
1443	520
1444	509
1445	499
1446	490
1447	481
1448	472
1449	464
1450	457
1451	449
1452	443
1453	437
1454	431
1455	425
1456	419
1457	415
1458	410
1459	406
1460	402
1461	398
1462	395
1463	391
1464	388
1465	385
1466	382
1467	380
1468	378
1469	375
1470	373
1471	371
1472	370
1473	368
1474	366
1475	365
1476	363
1477	362
1478	361
1479	362
1480	392
1481	421
1482	448
1483	472
1484	494
1485	514
1486	533
1487	551
1488	567
1489	582
1490	596
1491	609
1492	622
1493	633
1494	637
1495	637
1496	631
1497	625
1498	620
1499	614
1500	607
1501	593
1502	579
1503	565
1504	552
1505	540
1506	528
1507	517
1508	507
1509	497
1510	487
1511	478
1512	470
1513	462
1514	455
1515	448
1516	441
1517	435
1518	429
1519	424
1520	419
1521	414
1522	409
1523	405
1524	401
1525	397
1526	394
1527	391
1528	387
1529	384
1530	382
1531	379
1532	377
1533	375
1534	372
1535	371
1536	369
1537	367
1538	366
1539	364
1540	363
1541	361
1542	360
1543	366
1544	397
1545	425
1546	451
1547	475
1548	497
1549	517
1550	536
1551	554
1552	570
1553	585
1554	599
1555	612
1556	624
1557	636
1558	638
1559	638
1560	632
1561	626
1562	620
1563	615
1564	608
1565	592
1566	578
1567	565
1568	552
1569	540
1570	528
1571	517
1572	506
1573	496
1574	487
1575	478
1576	469
1577	462
1578	454
1579	447
1580	440
1581	434
1582	428
1583	423
1584	418
1585	413
1586	408
1587	404
1588	400
1589	396
1590	393
1591	390
1592	386
1593	383
1594	381
1595	378
1596	376
1597	374
1598	372
1599	370
1600	368
1601	366
1602	365
1603	363
1604	362
1605	360
1606	359
1607	367
1608	398
1609	427
1610	454
1611	478
1612	500
1613	521
1614	540
1615	558
1616	574
1617	590
1618	604
1619	617
1620	630
1621	641
1622	643
1623	643
1624	636
1625	630
1626	625
1627	619
1628	611
1629	595
1630	581
1631	567
1632	554
1633	542
1634	530
1635	518
1636	508
1637	498
1638	488
1639	479
1640	470
1641	462
1642	455
1643	447
1644	441
1645	434
1646	428
1647	423
1648	417
1649	412
1650	408
1651	403
1652	399
1653	395
1654	392
1655	388
1656	385
1657	382
1658	379
1659	376
1660	374
1661	372
1662	370
1663	368
1664	366
1665	364
1666	363
1667	361
1668	360
1669	358
1670	357
1671	368
1672	400
1673	430
1674	457
1675	482
1676	506
1677	527
1678	546
1679	565
1680	582
1681	598
1682	612
1683	626
1684	639
1685	651
1686	652
1687	651
1688	644
1689	638
1690	632
1691	626
1692	616
1693	601
1694	586
1695	572
1696	558
1697	545
1698	533
1699	521
1700	510
1701	500
1702	490
1703	481
1704	472
1705	463
1706	455
1707	448
1708	441
1709	434
1710	428
1711	423
1712	417
1713	412
1714	407
1715	402
1716	398
1717	394
1718	391
1719	387
1720	384
1721	381
1722	378
1723	375
1724	372
1725	370
1726	368
1727	366
1728	364
1729	362
1730	360
1731	359
1732	357
1733	355
1734	354
1735	371
1736	404
1737	435
1738	463
1739	490
1740	513
1741	535
1742	556
1743	575
1744	592
1745	609
1746	624
1747	638
1748	652
1749	662
1750	663
1751	661
1752	655
1753	648
1754	642
1755	636
1756	625
1757	609
1758	593
1759	578
1760	564
1761	551
1762	538
1763	526
1764	515
1765	503
1766	493
1767	484
1768	473
1769	465
1770	457
1771	449
1772	442
1773	435
1774	428
1775	422
1776	417
1777	411
1778	406
1779	401
1780	397
1781	393
1782	389
1783	385
1784	382
1785	378
1786	375
1787	373
1788	370
1789	367
1790	365
1791	363
1792	360
1793	359
1794	357
1795	355
1796	354
1797	352
1798	350
1799	370
1800	406
1801	438
1802	468
1803	496
1804	520
1805	544
1806	565
1807	586
1808	604
1809	622
1810	637
1811	652
1812	666
1813	675
1814	676
1815	672
1816	665
1817	659
1818	652
1819	646
1820	632
1821	615
1822	598
1823	583
1824	569
1825	555
1826	542
1827	529
1828	517
1829	505
1830	494
1831	484
1832	475
1833	466
1834	457
1835	449
1836	442
1837	434
1838	426
1839	421
1840	416
1841	410
1842	404
1843	399
1844	395
1845	390
1846	386
1847	382
1848	379
1849	376
1850	372
1851	370
1852	367
1853	364
1854	362
1855	360
1856	358
1857	355
1858	354
1859	352
1860	350
1861	349
1862	347
1863	381
1864	417
1865	450
1866	481
1867	508
1868	534
1869	557
1870	579
1871	599
1872	618
1873	636
1874	652
1875	667
1876	681
1877	687
1878	688
1879	682
1880	675
1881	668
1882	662
1883	656
1884	638
1885	621
1886	604
1887	588
1888	573
1889	559
1890	545
1891	532
1892	520
1893	508
1894	497
1895	487
1896	477
1897	467
1898	458
1899	450
1900	442
1901	435
1902	428
1903	421
1904	415
1905	409
1906	403
1907	398
1908	393
1909	389
1910	384
1911	381
1912	377
1913	373
1914	370
1915	367
1916	364
1917	361
1918	359
1919	356
1920	354
1921	352
1922	350
1923	348
1924	346
1925	345
1926	344
1927	384
1928	421
1929	455
1930	486
1931	515
1932	541
1933	565
1934	588
1935	608
1936	628
1937	645
1938	662
1939	677
1940	692
1941	697
1942	698
1943	691
1944	683
1945	677
1946	670
1947	663
1948	645
1949	627
1950	610
1951	593
1952	578
1953	563
1954	549
1955	534
1956	522
1957	510
1958	498
1959	487
1960	477
1961	467
1962	458
1963	449
1964	441
1965	434
1966	427
1967	420
1968	413
1969	407
1970	401
1971	396
1972	391
1973	387
1974	382
1975	378
1976	374
1977	370
1978	367
1979	363
1980	360
1981	358
1982	355
1983	353
1984	350
1985	348
1986	346
1987	344
1988	342
1989	341
1990	342
1991	384
1992	422
1993	457
1994	491
1995	520
1996	547
1997	571
1998	594
1999	615
2000	635
2001	653
2002	669
2003	685
2004	700
2005	703
2006	704
2007	696
2008	689
2009	682
2010	675
2011	666
2012	647
2013	629
2014	612
2015	595
2016	579
2017	564
2018	550
2019	536
2020	523
2021	510
2022	498
2023	487
2024	477
2025	467
2026	457
2027	448
2028	440
2029	432
2030	424
2031	417
2032	411
2033	404
2034	398
2035	393
2036	388
2037	383
2038	378
2039	374
2040	370
2041	366
2042	363
2043	360
2044	357
2045	354
2046	351
2047	349
2048	346
2049	344
2050	342
2051	340
2052	338
2053	336
2054	344
2055	386
2056	425
2057	460
2058	492
2059	521
2060	548
2061	573
2062	596
2063	618
2064	637
2065	656
2066	673
2067	689
2068	703
2069	706
2070	706
2071	698
2072	691
2073	684
2074	677
2075	668
2076	648
2077	630
2078	612
2079	595
2080	579
2081	564
2082	549
2083	535
2084	522
2085	509
2086	497
2087	486
2088	475
2089	465
2090	455
2091	446
2092	437
2093	429
2094	422
2095	415
2096	408
2097	401
2098	396
2099	390
2100	385
2101	380
2102	375
2103	371
2104	366
2105	363
2106	359
2107	356
2108	353
2109	350
2110	347
2111	344
2112	342
2113	340
2114	338
2115	336
2116	334
2117	332
2118	343
2119	385
2120	424
2121	459
2122	491
2123	521
2124	548
2125	573
2126	596
2127	617
2128	637
2129	655
2130	672
2131	688
2132	702
2133	704
2134	704
2135	696
2136	689
2137	682
2138	675
2139	664
2140	645
2141	627
2142	609
2143	592
2144	575
2145	560
2146	545
2147	531
2148	518
2149	505
2150	492
2151	481
2152	470
2153	460
2154	450
2155	441
2156	432
2157	424
2158	416
2159	410
2160	403
2161	397
2162	391
2163	385
2164	380
2165	375
2166	370
2167	366
2168	362
2169	358
2170	355
2171	351
2172	348
2173	345
2174	343
2175	340
2176	338
2177	336
2178	334
2179	332
2180	330
2181	328
2182	342
2183	384
2184	422
2185	456
2186	488
2187	517
2188	544
2189	570
2190	592
2191	613
2192	633
2193	651
2194	667
2195	683
2196	696
2197	697
2198	696
2199	689
2200	682
2201	675
2202	668
2203	656
2204	637
2205	618
2206	601
2207	584
2208	568
2209	552
2210	538
2211	524
2212	511
2213	498
2214	486
2215	475
2216	464
2217	454
2218	444
2219	435
2220	427
2221	419
2222	412
2223	405
2224	398
2225	392
2226	386
2227	380
2228	375
2229	370
2230	366
2231	362
2232	358
2233	354
2234	350
2235	347
2236	344
2237	341
2238	338
2239	336
2240	334
2241	332
2242	330
2243	328
2244	326
2245	325
2246	345
2247	384
2248	421
2249	454
2250	485
2251	513
2252	539
2253	563
2254	584
2255	605
2256	623
2257	641
2258	657
2259	672
2260	684
2261	686
2262	684
2263	677
2264	670
2265	663
2266	657
2267	642
2268	624
2269	606
2270	588
2271	572
2272	556
2273	542
2274	527
2275	513
2276	500
2277	489
2278	477
2279	466
2280	456
2281	446
2282	437
2283	428
2284	420
2285	412
2286	405
2287	398
2288	392
2289	386
2290	380
2291	375
2292	370
2293	366
2294	361
2295	357
2296	353
2297	350
2298	346
2299	344
2300	341
2301	338
2302	335
2303	333
2304	331
2305	329
2306	327
2307	325
2308	323
2309	322
2310	346
2311	384
2312	419
2313	451
2314	480
2315	507
2316	531
2317	554
2318	575
2319	594
2320	612
2321	628
2322	644
2323	658
2324	668
2325	670
2326	667
2327	660
2328	654
2329	647
2330	641
2331	627
2332	608
2333	591
2334	575
2335	559
2336	544
2337	529
2338	516
2339	503
2340	490
2341	479
2342	468
2343	457
2344	447
2345	437
2346	429
2347	421
2348	412
2349	405
2350	398
2351	392
2352	386
2353	380
2354	375
2355	370
2356	365
2357	361
2358	357
2359	353
2360	350
2361	346
2362	343
2363	340
2364	337
2365	335
2366	333
2367	330
2368	328
2369	326
2370	324
2371	323
2372	322
2373	320
2374	353
2375	388
2376	423
2377	452
2378	479
2379	504
2380	527
2381	548
2382	568
2383	585
2384	602
2385	618
2386	632
2387	646
2388	652
2389	654
2390	649
2391	642
2392	636
2393	630
2394	624
2395	606
2396	589
2397	573
2398	557
2399	542
2400	528
2401	514
2402	501
2403	489
2404	477
2405	466
2406	456
2407	446
2408	437
2409	428
2410	420
2411	413
2412	405
2413	399
2414	392
2415	386
2416	380
2417	375
2418	370
2419	365
2420	361
2421	357
2422	353
2423	350
2424	347
2425	344
2426	341
2427	338
2428	336
2429	333
2430	331
2431	329
2432	327
2433	325
2434	324
2435	322
2436	321
2437	320
2438	355
2439	389
2440	419
2441	447
2442	473
2443	496
2444	518
2445	538
2446	556
2447	573
2448	589
2449	604
2450	617
2451	630
2452	636
2453	638
2454	632
2455	626
2456	620
2457	614
2458	607
2459	590
2460	574
2461	558
2462	543
2463	529
2464	515
2465	502
2466	490
2467	478
2468	467
2469	457
2470	447
2471	438
2472	429
2473	421
2474	414
2475	407
2476	400
2477	393
2478	387
2479	382
2480	377
2481	372
2482	367
2483	363
2484	359
2485	355
2486	351
2487	348
2488	345
2489	342
2490	340
2491	337
2492	335
2493	332
2494	330
2495	328
2496	327
2497	325
2498	323
2499	322
2500	321
2501	324
2502	358
2503	389
2504	418
2505	445
2506	469
2507	491
2508	512
2509	530
2510	548
2511	564
2512	579
2513	593
2514	606
2515	618
2516	623
2517	625
2518	618
2519	612
2520	607
2521	601
2522	594
2523	578
2524	562
2525	547
2526	532
2527	518
2528	506
2529	493
2530	482
2531	470
2532	459
2533	450
2534	440
2535	432
2536	424
2537	416
2538	409
2539	402
2540	395
2541	390
2542	384
2543	379
2544	374
2545	369
2546	365
2547	361
2548	357
2549	353
2550	350
2551	347
2552	344
2553	341
2554	339
2555	336
2556	334
2557	332
2558	330
2559	329
2560	327
2561	325
2562	324
2563	322
2564	321
2565	327
2566	359
2567	389
2568	417
2569	442
2570	465
2571	485
2572	505
2573	524
2574	540
2575	556
2576	570
2577	583
2578	596
2579	607
2580	611
2581	613
2582	607
2583	601
2584	596
2585	591
2586	583
2587	567
2588	552
2589	537
2590	523
2591	510
2592	498
2593	486
2594	475
2595	464
2596	454
2597	445
2598	436
2599	428
2600	420
2601	412
2602	405
2603	399
2604	393
2605	387
2606	382
2607	377
2608	372
2609	367
2610	363
2611	359
2612	356
2613	352
2614	349
2615	346
2616	344
2617	341
2618	338
2619	337
2620	335
2621	332
2622	331
2623	329
2624	328
2625	326
2626	324
2627	323
2628	322
2629	330
2630	361
2631	389
2632	416
2633	440
2634	462
2635	482
2636	501
2637	518
2638	534
2639	549
2640	563
2641	576
2642	588
2643	599
2644	602
2645	603
2646	597
2647	592
2648	587
2649	581
2650	573
2651	557
2652	543
2653	529
2654	515
2655	503
2656	491
2657	480
2658	469
2659	459
2660	449
2661	440
2662	432
2663	424
2664	416
2665	409
2666	403
2667	397
2668	391
2669	385
2670	380
2671	375
2672	371
2673	367
2674	363
2675	359
2676	356
2677	352
2678	349
2679	347
2680	344
2681	341
2682	339
2683	337
2684	335
2685	333
2686	332
2687	330
2688	328
2689	327
2690	326
2691	325
2692	323
2693	335
2694	365
2695	392
2696	417
2697	441
2698	462
2699	481
2700	500
2701	516
2702	532
2703	546
2704	560
2705	572
2706	584
2707	594
2708	596
2709	596
2710	591
2711	586
2712	581
2713	576
2714	567
2715	552
2716	537
2717	524
2718	511
2719	499
2720	487
2721	476
2722	466
2723	456
2724	447
2725	438
2726	430
2727	421
2728	414
2729	407
2730	401
2731	395
2732	389
2733	384
2734	379
2735	374
2736	370
2737	366
2738	362
2739	359
2740	355
2741	352
2742	349
2743	346
2744	344
2745	342
2746	340
2747	338
2748	336
2749	334
2750	333
2751	331
2752	329
2753	328
2754	327
2755	326
2756	325
2757	339
2758	367
2759	394
2760	419
2761	441
2762	462
2763	481
2764	499
2765	516
2766	532
2767	546
2768	559
2769	572
2770	583
2771	592
2772	594
2773	593
2774	588
2775	583
2776	578
2777	574
2778	563
2779	548
2780	534
2781	521
2782	508
2783	496
2784	485
2785	474
2786	464
2787	454
2788	445
2789	437
2790	428
2791	421
2792	414
2793	407
2794	401
2795	395
2796	390
2797	384
2798	380
2799	375
2800	371
2801	367
2802	363
2803	360
2804	356
2805	353
2806	350
2807	348
2808	345
2809	343
2810	341
2811	339
2812	337
2813	335
2814	334
2815	332
2816	331
2817	329
2818	328
2819	327
2820	326
2821	344
2822	372
2823	399
2824	423
2825	445
2826	466
2827	485
2828	502
2829	519
2830	534
2831	548
2832	561
2833	573
2834	584
2835	592
2836	595
2837	594
2838	588
2839	583
2840	579
2841	574
2842	563
2843	548
2844	533
2845	520
2846	508
2847	496
2848	484
2849	474
2850	464
2851	454
2852	445
2853	437
2854	429
2855	422
2856	415
2857	408
2858	402
2859	396
2860	390
2861	385
2862	380
2863	376
2864	372
2865	368
2866	364
2867	361
2868	357
2869	354
2870	352
2871	349
2872	346
2873	344
2874	342
2875	340
2876	338
2877	336
2878	335
2879	333
2880	332
2881	331
2882	329
2883	328
2884	327
2885	349
2886	378
2887	404
2888	428
2889	450
2890	471
2891	491
2892	509
2893	525
2894	540
2895	554
2896	567
2897	579
2898	591
2899	597
2900	600
2901	597
2902	591
2903	586
2904	582
2905	577
2906	563
2907	548
2908	534
2909	521
2910	508
2911	496
2912	485
2913	475
2914	464
2915	454
2916	446
2917	437
2918	429
2919	422
2920	415
2921	408
2922	402
2923	396
2924	391
2925	386
2926	381
2927	377
2928	373
2929	369
2930	365
2931	362
2932	359
2933	356
2934	353
2935	350
2936	348
2937	345
2938	343
2939	341
2940	340
2941	338
2942	336
2943	335
2944	333
2945	332
2946	331
2947	330
2948	329
2949	360
2950	388
2951	415
2952	439
2953	462
2954	483
2955	502
2956	519
2957	536
2958	551
2959	565
2960	578
2961	590
2962	602
2963	607
2964	609
2965	604
2966	599
2967	594
2968	589
2969	583
2970	568
2971	553
2972	539
2973	526
2974	513
2975	501
2976	490
2977	478
2978	469
2979	459
2980	450
2981	441
2982	433
2983	426
2984	419
2985	412
2986	406
2987	400
2988	394
2989	389
2990	384
2991	380
2992	375
2993	371
2994	367
2995	364
2996	361
2997	357
2998	355
2999	352
3000	349
3001	347
3002	345
3003	343
3004	341
3005	340
3006	338
3007	336
3008	335
3009	334
3010	332
3011	331
3012	334
3013	366
3014	396
3015	423
3016	448
3017	471
3018	492
3019	511
3020	529
3021	546
3022	562
3023	576
3024	590
3025	602
3026	614
3027	619
3028	621
3029	615
3030	610
3031	604
3032	599
3033	592
3034	576
3035	561
3036	546
3037	533
3038	520
3039	507
3040	496
3041	485
3042	474
3043	464
3044	455
3045	446
3046	438
3047	430
3048	423
3049	416
3050	409
3051	403
3052	398
3053	392
3054	387
3055	382
3056	378
3057	374
3058	370
3059	366
3060	363
3061	360
3062	357
3063	354
3064	351
3065	349
3066	346
3067	344
3068	342
3069	341
3070	339
3071	337
3072	336
3073	334
3074	333
3075	332
3076	337
3077	371
3078	401
3079	430
3080	455
3081	479
3082	501
3083	522
3084	540
3085	558
3086	574
3087	589
3088	603
3089	616
3090	628
3091	632
3092	634
3093	628
3094	622
3095	617
3096	612
3097	604
3098	588
3099	572
3100	557
3101	543
3102	529
3103	517
3104	504
3105	493
3106	482
3107	472
3108	462
3109	452
3110	443
3111	435
3112	428
3113	421
3114	414
3115	407
3116	401
3117	396
3118	391
3119	385
3120	381
3121	377
3122	373
3123	369
3124	365
3125	362
3126	359
3127	356
3128	353
3129	351
3130	348
3131	346
3132	344
3133	342
3134	340
3135	338
3136	337
3137	335
3138	334
3139	333
3140	341
3141	376
3142	408
3143	438
3144	465
3145	489
3146	512
3147	533
3148	554
3149	572
3150	589
3151	604
3152	619
3153	633
3154	645
3155	648
3156	648
3157	642
3158	636
3159	631
3160	625
3161	615
3162	599
3163	583
3164	567
3165	552
3166	538
3167	525
3168	513
3169	500
3170	489
3171	479
3172	468
3173	459
3174	450
3175	441
3176	433
3177	426
3178	419
3179	412
3180	405
3181	399
3182	394
3183	389
3184	384
3185	379
3186	375
3187	370
3188	367
3189	364
3190	360
3191	357
3192	354
3193	352
3194	349
3195	347
3196	345
3197	343
3198	341
3199	339
3200	337
3201	336
3202	334
3203	333
3204	347
3205	384
3206	417
3207	448
3208	476
3209	502
3210	526
3211	548
3212	568
3213	587
3214	604
3215	621
3216	636
3217	650
3218	663
3219	665
3220	665
3221	658
3222	652
3223	646
3224	640
3225	629
3226	611
3227	594
3228	578
3229	563
3230	548
3231	534
3232	521
3233	509
3234	497
3235	485
3236	475
3237	465
3238	455
3239	446
3240	438
3241	430
3242	422
3243	416
3244	409
3245	403
3246	397
3247	392
3248	386
3249	381
3250	377
3251	373
3252	369
3253	365
3254	362
3255	358
3256	355
3257	352
3258	350
3259	347
3260	345
3261	343
3262	341
3263	339
3264	337
3265	335
3266	334
3267	332
3268	353
3269	391
3270	427
3271	458
3272	488
3273	515
3274	540
3275	563
3276	584
3277	604
3278	622
3279	639
3280	655
3281	670
3282	681
3283	683
3284	682
3285	675
3286	668
3287	662
3288	656
3289	642
3290	625
3291	607
3292	590
3293	574
3294	559
3295	545
3296	531
3297	518
3298	505
3299	494
3300	482
3301	472
3302	462
3303	452
3304	443
3305	434
3306	427
3307	419
3308	412
3309	406
3310	400
3311	394
3312	388
3313	383
3314	379
3315	374
3316	370
3317	366
3318	362
3319	359
3320	355
3321	352
3322	350
3323	347
3324	345
3325	342
3326	340
3327	338
3328	336
3329	335
3330	333
3331	331
3332	357
3333	397
3334	434
3335	467
3336	498
3337	526
3338	552
3339	576
3340	598
3341	619
3342	638
3343	657
3344	673
3345	689
3346	699
3347	701
3348	698
3349	691
3350	684
3351	677
3352	671
3353	656
3354	637
3355	619
3356	601
3357	585
3358	569
3359	554
3360	540
3361	526
3362	513
3363	500
3364	489
3365	478
3366	467
3367	457
3368	448
3369	439
3370	431
3371	423
3372	416
3373	409
3374	402
3375	396
3376	391
3377	385
3378	380
3379	375
3380	371
3381	367
3382	362
3383	359
3384	355
3385	352
3386	349
3387	347
3388	344
3389	342
3390	339
3391	337
3392	335
3393	333
3394	332
3395	330
3396	363
3397	404
3398	442
3399	477
3400	509
3401	539
3402	565
3403	590
3404	613
3405	634
3406	654
3407	672
3408	689
3409	705
3410	714
3411	716
3412	712
3413	705
3414	698
3415	691
3416	685
3417	668
3418	649
3419	630
3420	612
3421	593
3422	577
3423	562
3424	547
3425	533
3426	518
3427	506
3428	494
3429	482
3430	471
3431	461
3432	451
3433	442
3434	433
3435	425
3436	417
3437	410
3438	404
3439	397
3440	391
3441	386
3442	380
3443	375
3444	371
3445	366
3446	362
3447	359
3448	355
3449	352
3450	349
3451	346
3452	343
3453	340
3454	338
3455	336
3456	334
3457	332
3458	330
3459	331
3460	377
3461	419
3462	458
3463	493
3464	525
3465	554
3466	581
3467	606
3468	629
3469	650
3470	670
3471	688
3472	705
3473	721
3474	726
3475	728
3476	721
3477	714
3478	707
3479	700
3480	692
3481	672
3482	652
3483	633
3484	615
3485	597
3486	581
3487	565
3488	550
3489	535
3490	522
3491	508
3492	496
3493	484
3494	473
3495	462
3496	452
3497	443
3498	434
3499	426
3500	418
3501	411
3502	404
3503	398
3504	392
3505	386
3506	380
3507	375
3508	371
3509	366
3510	362
3511	358
3512	355
3513	351
3514	348
3515	345
3516	342
3517	340
3518	337
3519	335
3520	333
3521	331
3522	329
3523	334
3524	381
3525	423
3526	462
3527	498
3528	530
3529	559
3530	586
3531	611
3532	635
3533	656
3534	676
3535	695
3536	712
3537	727
3538	732
3539	733
3540	726
3541	718
3542	711
3543	704
3544	695
3545	675
3546	655
3547	636
3548	617
3549	599
3550	583
3551	567
3552	551
3553	537
3554	523
3555	510
3556	497
3557	486
3558	474
3559	464
3560	454
3561	444
3562	435
3563	427
3564	419
3565	412
3566	404
3567	398
3568	392
3569	385
3570	380
3571	375
3572	370
3573	366
3574	362
3575	358
3576	354
3577	351
3578	348
3579	345
3580	342
3581	339
3582	337
3583	335
3584	333
3585	330
3586	329
3587	337
3588	384
3589	426
3590	465
3591	500
3592	532
3593	562
3594	589
3595	614
3596	637
3597	658
3598	678
3599	696
3600	713
3601	729
3602	732
3603	733
3604	726
3605	718
3606	711
3607	704
3608	692
3609	672
3610	653
3611	634
3612	615
3613	598
3614	581
3615	565
3616	550
3617	535
3618	521
3619	509
3620	496
3621	484
3622	473
3623	463
3624	452
3625	443
3626	434
3627	426
3628	418
3629	410
3630	403
3631	397
3632	391
3633	385
3634	380
3635	375
3636	370
3637	366
3638	362
3639	358
3640	355
3641	351
3642	348
3643	345
3644	342
3645	340
3646	337
3647	335
3648	333
3649	331
3650	329
3651	344
3652	389
3653	431
3654	468
3655	503
3656	534
3657	563
3658	589
3659	614
3660	637
3661	657
3662	677
3663	695
3664	711
3665	726
3666	728
3667	728
3668	720
3669	713
3670	706
3671	699
3672	687
3673	667
3674	648
3675	629
3676	611
3677	593
3678	577
3679	561
3680	546
3681	532
3682	518
3683	505
3684	493
3685	482
3686	470
3687	460
3688	450
3689	441
3690	432
3691	424
3692	416
3693	409
3694	402
3695	396
3696	390
3697	384
3698	379
3699	374
3700	370
3701	365
3702	361
3703	358
3704	354
3705	351
3706	348
3707	345
3708	342
3709	340
3710	337
3711	335
3712	333
3713	331
3714	329
3715	347
3716	391
3717	431
3718	468
3719	501
3720	532
3721	560
3722	586
3723	609
3724	632
3725	653
3726	672
3727	689
3728	705
3729	718
3730	720
3731	719
3732	711
3733	704
3734	697
3735	690
3736	677
3737	657
3738	638
3739	620
3740	602
3741	585
3742	569
3743	554
3744	539
3745	525
3746	512
3747	500
3748	488
3749	477
3750	466
3751	456
3752	446
3753	438
3754	429
3755	421
3756	414
3757	407
3758	400
3759	394
3760	388
3761	383
3762	378
3763	373
3764	368
3765	364
3766	361
3767	357
3768	353
3769	350
3770	347
3771	344
3772	342
3773	339
3774	337
3775	335
3776	333
3777	331
3778	329
3779	352
3780	395
3781	433
3782	468
3783	500
3784	529
3785	556
3786	581
3787	603
3788	624
3789	644
3790	662
3791	679
3792	694
3793	706
3794	708
3795	706
3796	699
3797	691
3798	685
3799	678
3800	664
3801	645
3802	627
3803	607
3804	590
3805	574
3806	559
3807	544
3808	530
3809	517
3810	504
3811	492
3812	480
3813	470
3814	460
3815	450
3816	441
3817	432
3818	424
3819	417
3820	410
3821	403
3822	397
3823	391
3824	385
3825	380
3826	375
3827	371
3828	367
3829	363
3830	359
3831	355
3832	352
3833	349
3834	346
3835	344
3836	341
3837	339
3838	337
3839	335
3840	333
3841	331
3842	329
3843	357
3844	397
3845	433
3846	466
3847	496
3848	524
3849	549
3850	573
3851	594
3852	614
3853	633
3854	650
3855	666
3856	681
3857	690
3858	692
3859	689
3860	682
3861	676
3862	669
3863	663
3864	647
3865	629
3866	611
3867	594
3868	578
3869	562
3870	547
3871	533
3872	520
3873	507
3874	495
3875	483
3876	472
3877	462
3878	452
3879	443
3880	435
3881	426
3882	418
3883	411
3884	405
3885	398
3886	392
3887	387
3888	382
3889	377
3890	372
3891	368
3892	364
3893	360
3894	357
3895	353
3896	350
3897	347
3898	345
3899	342
3900	340
3901	338
3902	336
3903	334
3904	332
3905	330
3906	329
3907	358
3908	395
3909	429
3910	461
3911	489
3912	515
3913	538
3914	561
3915	581
3916	600
3917	618
3918	634
3919	649
3920	664
3921	672
3922	674
3923	670
3924	664
3925	657
3926	651
3927	645
3928	628
3929	611
3930	594
3931	577
3932	562
3933	547
3934	533
3935	520
3936	507
3937	495
3938	483
3939	472
3940	462
3941	452
3942	443
3943	435
3944	427
3945	419
3946	412
3947	405
3948	399
3949	393
3950	387
3951	382
3952	377
3953	373
3954	368
3955	365
3956	361
3957	357
3958	354
3959	350
3960	348
3961	345
3962	343
3963	340
3964	338
3965	336
3966	334
3967	332
3968	331
3969	329
3970	327
3971	364
3972	398
3973	429
3974	458
3975	483
3976	508
3977	531
3978	551
3979	570
3980	587
3981	603
3982	618
3983	632
3984	644
3985	650
3986	652
3987	646
3988	640
3989	634
3990	628
3991	621
3992	604
3993	587
3994	571
3995	556
3996	541
3997	528
3998	514
3999	502
4000	490
4001	479
4002	468
4003	458
4004	449
4005	440
4006	432
4007	424
4008	417
4009	410
4010	403
4011	397
4012	391
4013	386
4014	381
4015	376
4016	371
4017	367
4018	363
4019	360
4020	356
4021	353
4022	350
4023	347
4024	345
4025	342
4026	340
4027	338
4028	336
4029	334
4030	332
4031	331
4032	329
4033	328
4034	331
4035	365
4036	396
4037	424
4038	450
4039	474
4040	496
4041	516
4042	534
4043	551
4044	567
4045	582
4046	595
4047	608
4048	620
4049	625
4050	627
4051	621
4052	615
4053	610
4054	604
4055	597
4056	581
4057	566
4058	551
4059	536
4060	523
4061	510
4062	498
4063	486
4064	476
4065	465
4066	455
4067	446
4068	437
4069	429
4070	421
4071	414
4072	408
4073	401
4074	395
4075	390
4076	384
4077	380
4078	375
4079	371
4080	367
4081	363
4082	359
4083	356
4084	353
4085	350
4086	348
4087	345
4088	343
4089	341
4090	339
4091	337
4092	335
4093	333
4094	332
4095	330
4096	329
4097	328
4098	333
4099	363
4100	390
4101	416
4102	440
4103	461
4104	481
4105	499
4106	516
4107	532
4108	547
4109	560
4110	572
4111	584
4112	594
4113	597
4114	599
4115	593
4116	588
4117	583
4118	578
4119	570
4120	555
4121	541
4122	528
4123	514
4124	502
4125	491
4126	480
4127	469
4128	459
4129	450
4130	441
4131	433
4132	426
4133	418
4134	411
4135	405
4136	399
4137	393
4138	388
4139	383
4140	378
4141	374
4142	370
4143	366
4144	363
4145	359
4146	356
4147	353
4148	350
4149	348
4150	345
4151	343
4152	341
4153	339
4154	337
4155	336
4156	334
4157	333
4158	332
4159	330
4160	329
4161	328
4162	336
4163	363
4164	387
4165	410
4166	431
4167	449
4168	467
4169	483
4170	498
4171	512
4172	525
4173	537
4174	548
4175	558
4176	567
4177	570
4178	571
4179	566
4180	561
4181	557
4182	552
4183	545
4184	531
4185	517
4186	505
4187	494
4188	483
4189	472
4190	463
4191	453
4192	445
4193	436
4194	429
4195	422
4196	415
4197	408
4198	402
4199	397
4200	391
4201	386
4202	382
4203	378
4204	374
4205	370
4206	366
4207	363
4208	360
4209	357
4210	354
4211	352
4212	350
4213	348
4214	345
4215	343
4216	341
4217	340
4218	338
4219	337
4220	336
4221	334
4222	333
4223	332
4224	331
4225	330
4226	341
4227	364
4228	385
4229	405
4230	423
4231	439
4232	455
4233	469
4234	482
4235	494
4236	505
4237	516
4238	526
4239	535
4240	542
4241	544
4242	544
4243	540
4244	536
4245	532
4246	528
4247	520
4248	508
4249	496
4250	485
4251	475
4252	465
4253	456
4254	448
4255	440
4256	432
4257	425
4258	418
4259	412
4260	406
4261	401
4262	395
4263	390
4264	386
4265	382
4266	377
4267	374
4268	370
4269	367
4270	364
4271	361
4272	359
4273	356
4274	354
4275	352
4276	350
4277	348
4278	346
4279	345
4280	343
4281	342
4282	340
4283	339
4284	338
4285	337
4286	336
4287	334
4288	334
4289	334
4290	344
4291	364
4292	383
4293	400
4294	416
4295	430
4296	444
4297	456
4298	467
4299	478
4300	488
4301	497
4302	506
4303	514
4304	520
4305	522
4306	521
4307	518
4308	514
4309	510
4310	507
4311	499
4312	488
4313	478
4314	469
4315	460
4316	451
4317	443
4318	436
4319	429
4320	422
4321	416
4322	410
4323	405
4324	400
4325	395
4326	390
4327	386
4328	382
4329	379
4330	375
4331	372
4332	369
4333	366
4334	364
4335	361
4336	359
4337	357
4338	355
4339	353
4340	352
4341	350
4342	348
4343	347
4344	346
4345	345
4346	343
4347	342
4348	341
4349	340
4350	340
4351	339
4352	338
4353	338
4354	350
4355	367
4356	383
4357	398
4358	412
4359	425
4360	436
4361	447
4362	458
4363	467
4364	476
4365	484
4366	492
4367	499
4368	504
4369	506
4370	505
4371	501
4372	498
4373	495
4374	492
4375	484
4376	475
4377	466
4378	457
4379	449
4380	441
4381	435
4382	428
4383	422
4384	416
4385	411
4386	406
4387	401
4388	396
4389	392
4390	388
4391	385
4392	381
4393	378
4394	375
4395	372
4396	369
4397	367
4398	365
4399	363
4400	361
4401	359
4402	357
4403	356
4404	354
4405	353
4406	352
4407	351
4408	349
4409	348
4410	348
4411	347
4412	346
4413	345
4414	344
4415	344
4416	343
4417	342
4418	354
4419	371
4420	385
4421	399
4422	411
4423	423
4424	433
4425	443
4426	452
4427	460
4428	468
4429	476
4430	483
4431	489
4432	493
4433	495
4434	494
4435	490
4436	487
4437	485
4438	482
4439	474
4440	465
4441	457
4442	450
4443	443
4444	436
4445	430
4446	424
4447	418
4448	413
4449	408
4450	403
4451	399
4452	395
4453	392
4454	388
4455	385
4456	381
4457	379
4458	376
4459	373
4460	371
4461	369
4462	367
4463	365
4464	363
4465	361
4466	360
4467	358
4468	357
4469	356
4470	355
4471	354
4472	352
4473	352
4474	351
4475	350
4476	349
4477	349
4478	348
4479	347
4480	347
4481	346
4482	359
4483	374
4484	387
4485	399
4486	410
4487	421
4488	431
4489	440
4490	448
4491	456
4492	464
4493	470
4494	477
4495	483
4496	486
4497	488
4498	486
4499	483
4500	481
4501	478
4502	476
4503	468
4504	460
4505	452
4506	445
4507	439
4508	432
4509	427
4510	421
4511	416
4512	411
4513	406
4514	402
4515	398
4516	395
4517	391
4518	388
4519	385
4520	382
4521	379
4522	377
4523	374
4524	372
4525	370
4526	368
4527	367
4528	365
4529	363
4530	362
4531	361
4532	359
4533	358
4534	357
4535	356
4536	354
4537	354
4538	353
4539	352
4540	352
4541	351
4542	350
4543	350
4544	349
4545	349
4546	363
4547	377
4548	389
4549	401
4550	412
4551	421
4552	431
4553	440
4554	448
4555	455
4556	462
4557	469
4558	475
4559	480
4560	483
4561	485
4562	482
4563	479
4564	477
4565	475
4566	471
4567	462
4568	455
4569	448
4570	441
4571	435
4572	429
4573	424
4574	419
4575	414
4576	409
4577	405
4578	401
4579	397
4580	393
4581	390
4582	387
4583	384
4584	381
4585	378
4586	376
4587	374
4588	372
4589	370
4590	368
4591	366
4592	365
4593	364
4594	362
4595	361
4596	360
4597	359
4598	357
4599	356
4600	356
4601	355
4602	354
4603	353
4604	353
4605	352
4606	351
4607	351
4608	350
4609	354
4610	368
4611	381
4612	393
4613	404
4614	414
4615	424
4616	433
4617	442
4618	449
4619	457
4620	463
4621	470
4622	476
4623	481
4624	483
4625	485
4626	482
4627	479
4628	477
4629	474
4630	470
4631	462
4632	455
4633	448
4634	441
4635	435
4636	429
4637	423
4638	418
4639	413
4640	409
4641	405
4642	401
4643	397
4644	393
4645	389
4646	387
4647	384
4648	381
4649	378
4650	376
4651	374
4652	372
4653	370
4654	368
4655	367
4656	365
4657	363
4658	362
4659	360
4660	359
4661	358
4662	357
4663	356
4664	355
4665	354
4666	354
4667	353
4668	352
4669	352
4670	351
4671	350
4672	350
4673	354
4674	369
4675	382
4676	394
4677	406
4678	416
4679	426
4680	435
4681	444
4682	452
4683	459
4684	466
4685	473
4686	479
4687	484
4688	486
4689	487
4690	484
4691	481
4692	479
4693	476
4694	472
4695	464
4696	456
4697	449
4698	442
4699	435
4700	430
4701	424
4702	419
4703	414
4704	409
4705	405
4706	401
4707	397
4708	393
4709	390
4710	387
4711	384
4712	381
4713	378
4714	376
4715	373
4716	371
4717	369
4718	368
4719	366
4720	364
4721	363
4722	361
4723	360
4724	358
4725	357
4726	356
4727	355
4728	354
4729	353
4730	352
4731	351
4732	351
4733	350
4734	350
4735	349
4736	348
4737	355
4738	370
4739	384
4740	397
4741	409
4742	420
4743	430
4744	439
4745	448
4746	456
4747	464
4748	471
4749	478
4750	484
4751	490
4752	492
4753	492
4754	489
4755	486
4756	483
4757	481
4758	476
4759	467
4760	459
4761	452
4762	444
4763	437
4764	431
4765	425
4766	420
4767	415
4768	410
4769	405
4770	401
4771	397
4772	393
4773	389
4774	386
4775	383
4776	380
4777	377
4778	375
4779	372
4780	370
4781	368
4782	366
4783	364
4784	362
4785	361
4786	359
4787	358
4788	356
4789	355
4790	354
4791	353
4792	352
4793	351
4794	350
4795	349
4796	348
4797	348
4798	347
4799	346
4800	346
4801	355
4802	371
4803	386
4804	400
4805	412
4806	424
4807	435
4808	445
4809	454
4810	463
4811	472
4812	479
4813	486
4814	493
4815	498
4816	501
4817	500
4818	497
4819	494
4820	491
4821	489
4822	482
4823	473
4824	464
4825	456
4826	449
4827	442
4828	435
4829	429
4830	423
4831	417
4832	412
4833	407
4834	402
4835	398
4836	394
4837	390
4838	386
4839	383
4840	379
4841	377
4842	374
4843	371
4844	369
4845	367
4846	365
4847	362
4848	360
4849	359
4850	357
4851	356
4852	354
4853	353
4854	352
4855	350
4856	349
4857	348
4858	347
4859	346
4860	345
4861	345
4862	344
4863	343
4864	342
4865	354
4866	371
4867	387
4868	403
4869	417
4870	429
4871	441
4872	452
4873	463
4874	473
4875	481
4876	490
4877	498
4878	505
4879	511
4880	513
4881	512
4882	509
4883	505
4884	503
4885	500
4886	491
4887	481
4888	472
4889	463
4890	455
4891	447
4892	440
4893	433
4894	426
4895	420
4896	415
4897	409
4898	404
4899	399
4900	395
4901	391
4902	387
4903	383
4904	380
4905	376
4906	373
4907	370
4908	368
4909	365
4910	363
4911	360
4912	359
4913	357
4914	355
4915	353
4916	352
4917	350
4918	348
4919	347
4920	346
4921	345
4922	344
4923	343
4924	342
4925	341
4926	340
4927	339
4928	339
4929	355
4930	374
4931	392
4932	409
4933	424
4934	438
4935	451
4936	463
4937	475
4938	486
4939	496
4940	505
4941	514
4942	522
4943	527
4944	530
4945	528
4946	524
4947	521
4948	518
4949	515
4950	505
4951	494
4952	484
4953	474
4954	465
4955	456
4956	448
4957	440
4958	433
4959	426
4960	420
4961	414
4962	408
4963	403
4964	398
4965	393
4966	389
4967	385
4968	381
4969	377
4970	374
4971	371
4972	368
4973	365
4974	362
4975	360
4976	357
4977	355
4978	353
4979	351
4980	350
4981	348
4982	346
4983	345
4984	344
4985	342
4986	341
4987	340
4988	339
4989	338
4990	337
4991	336
4992	335
4993	355
4994	377
4995	397
4996	416
4997	433
4998	449
4999	464
5000	478
5001	491
5002	503
5003	514
5004	525
5005	535
5006	544
5007	549
5008	553
5009	550
5010	546
5011	542
5012	539
5013	535
5014	524
5015	512
5016	500
5017	489
5018	479
5019	469
5020	460
5021	451
5022	443
5023	435
5024	428
5025	422
5026	415
5027	409
5028	403
5029	398
5030	393
5031	388
5032	384
5033	380
5034	376
5035	372
5036	369
5037	366
5038	363
5039	360
5040	357
5041	355
5042	353
5043	350
5044	349
5045	347
5046	345
5047	343
5048	342
5049	340
5050	339
5051	338
5052	337
5053	336
5054	335
5055	333
5056	333
5057	357
5058	382
5059	405
5060	427
5061	446
5062	464
5063	481
5064	497
5065	511
5066	525
5067	538
5068	549
5069	561
5070	571
5071	577
5072	580
5073	577
5074	572
5075	568
5076	564
5077	560
5078	546
5079	531
5080	519
5081	507
5082	495
5083	484
5084	474
5085	464
5086	455
5087	446
5088	438
5089	430
5090	423
5091	416
5092	410
5093	404
5094	398
5095	393
5096	387
5097	383
5098	378
5099	374
5100	371
5101	367
5102	364
5103	361
5104	358
5105	354
5106	352
5107	350
5108	348
5109	345
5110	343
5111	341
5112	340
5113	338
5114	337
5115	335
5116	334
5117	333
5118	332
5119	330
5120	337
5121	367
5122	395
5123	421
5124	444
5125	466
5126	486
5127	505
5128	522
5129	538
5130	553
5131	567
5132	580
5133	592
5134	604
5135	608
5136	610
5137	605
5138	600
5139	595
5140	591
5141	583
5142	568
5143	553
5144	538
5145	524
5146	512
5147	500
5148	489
5149	478
5150	467
5151	458
5152	449
5153	440
5154	432
5155	424
5156	417
5157	410
5158	404
5159	398
5160	393
5161	387
5162	382
5163	378
5164	373
5165	370
5166	366
5167	362
5168	359
5169	356
5170	353
5171	350
5172	347
5173	345
5174	343
5175	340
5176	339
5177	337
5178	335
5179	333
5180	332
5181	330
5182	329
5183	328
5184	341
5185	374
5186	404
5187	433
5188	459
5189	483
5190	505
5191	525
5192	544
5193	562
5194	579
5195	594
5196	608
5197	621
5198	633
5199	637
5200	638
5201	632
5202	627
5203	622
5204	617
5205	607
5206	590
5207	574
5208	559
5209	544
5210	530
5211	517
5212	505
5213	493
5214	481
5215	471
5216	461
5217	451
5218	442
5219	434
5220	426
5221	418
5222	411
5223	404
5224	398
5225	392
5226	386
5227	381
5228	376
5229	372
5230	368
5231	364
5232	360
5233	356
5234	353
5235	350
5236	348
5237	345
5238	342
5239	340
5240	338
5241	336
5242	334
5243	332
5244	330
5245	329
5246	327
5247	326
5248	343
5249	379
5250	413
5251	444
5252	472
5253	498
5254	522
5255	544
5256	565
5257	584
5258	601
5259	618
5260	633
5261	648
5262	660
5263	664
5264	663
5265	657
5266	651
5267	646
5268	641
5269	628
5270	610
5271	593
5272	576
5273	561
5274	546
5275	532
5276	518
5277	505
5278	493
5279	482
5280	471
5281	460
5282	450
5283	441
5284	433
5285	424
5286	417
5287	410
5288	403
5289	396
5290	390
5291	385
5292	380
5293	375
5294	370
5295	366
5296	362
5297	358
5298	354
5299	351
5300	347
5301	345
5302	342
5303	339
5304	337
5305	335
5306	333
5307	331
5308	329
5309	327
5310	325
5311	324
5312	348
5313	387
5314	423
5315	456
5316	487
5317	514
5318	540
5319	563
5320	585
5321	605
5322	624
5323	642
5324	658
5325	673
5326	684
5327	688
5328	687
5329	680
5330	674
5331	668
5332	662
5333	648
5334	629
5335	611
5336	593
5337	577
5338	561
5339	545
5340	530
5341	517
5342	504
5343	492
5344	480
5345	469
5346	458
5347	448
5348	439
5349	431
5350	422
5351	415
5352	407
5353	400
5354	394
5355	388
5356	382
5357	377
5358	372
5359	367
5360	363
5361	359
5362	355
5363	351
5364	348
5365	345
5366	342
5367	339
5368	336
5369	334
5370	331
5371	329
5372	327
5373	325
5374	324
5375	322
5376	351
5377	393
5378	433
5379	468
5380	500
5381	528
5382	555
5383	580
5384	603
5385	624
5386	643
5387	662
5388	679
5389	695
5390	705
5391	708
5392	705
5393	698
5394	692
5395	686
5396	680
5397	663
5398	643
5399	624
5400	606
5401	588
5402	572
5403	556
5404	541
5405	527
5406	513
5407	500
5408	487
5409	476
5410	464
5411	454
5412	444
5413	435
5414	426
5415	418
5416	410
5417	402
5418	396
5419	389
5420	383
5421	378
5422	372
5423	367
5424	363
5425	358
5426	354
5427	350
5428	347
5429	343
5430	340
5431	337
5432	335
5433	332
5434	330
5435	327
5436	325
5437	323
5438	321
5439	320
5440	356
5441	400
5442	440
5443	476
5444	509
5445	539
5446	567
5447	592
5448	616
5449	638
5450	659
5451	678
5452	695
5453	711
5454	721
5455	724
5456	720
5457	713
5458	706
5459	700
5460	694
5461	675
5462	655
5463	635
5464	616
5465	598
5466	581
5467	565
5468	549
5469	534
5470	519
5471	506
5472	493
5473	481
5474	469
5475	458
5476	448
5477	438
5478	429
5479	420
5480	412
5481	404
5482	397
5483	390
5484	384
5485	378
5486	372
5487	367
5488	362
5489	358
5490	353
5491	349
5492	345
5493	342
5494	338
5495	335
5496	332
5497	329
5498	327
5499	324
5500	322
5501	320
5502	319
5503	317
5504	359
5505	404
5506	445
5507	482
5508	517
5509	548
5510	577
5511	603
5512	628
5513	650
5514	671
5515	691
5516	709
5517	725
5518	734
5519	737
5520	732
5521	725
5522	718
5523	711
5524	705
5525	685
5526	664
5527	644
5528	624
5529	606
5530	588
5531	571
5532	554
5533	539
5534	523
5535	509
5536	496
5537	483
5538	471
5539	460
5540	449
5541	439
5542	429
5543	420
5544	412
5545	404
5546	396
5547	389
5548	383
5549	376
5550	370
5551	365
5552	360
5553	355
5554	351
5555	347
5556	343
5557	339
5558	335
5559	332
5560	329
5561	326
5562	324
5563	321
5564	319
5565	317
5566	315
5567	313
5568	360
5569	407
5570	449
5571	488
5572	523
5573	557
5574	587
5575	614
5576	639
5577	662
5578	684
5579	703
5580	722
5581	738
5582	746
5583	749
5584	742
5585	735
5586	727
5587	720
5588	713
5589	691
5590	670
5591	649
5592	630
5593	610
5594	592
5595	574
5596	558
5597	541
5598	526
5599	512
5600	498
5601	485
5602	473
5603	461
5604	450
5605	440
5606	430
5607	420
5608	411
5609	403
5610	396
5611	388
5612	381
5613	374
5614	368
5615	363
5616	357
5617	352
5618	348
5619	343
5620	339
5621	335
5622	332
5623	329
5624	325
5625	323
5626	320
5627	317
5628	315
5629	313
5630	311
5631	323
5632	374
5633	420
5634	463
5635	501
5636	537
5637	569
5638	598
5639	625
5640	650
5641	674
5642	695
5643	716
5644	734
5645	751
5646	753
5647	754
5648	746
5649	738
5650	731
5651	724
5652	712
5653	689
5654	668
5655	647
5656	627
5657	608
5658	589
5659	572
5660	555
5661	539
5662	523
5663	509
5664	495
5665	482
5666	469
5667	457
5668	446
5669	436
5670	426
5671	416
5672	408
5673	399
5674	391
5675	384
5676	377
5677	371
5678	365
5679	359
5680	354
5681	349
5682	343
5683	339
5684	335
5685	331
5686	328
5687	324
5688	321
5689	318
5690	315
5691	313
5692	311
5693	308
5694	306
5695	326
5696	377
5697	424
5698	467
5699	506
5700	541
5701	573
5702	602
5703	630
5704	655
5705	678
5706	699
5707	719
5708	737
5709	753
5710	756
5711	755
5712	747
5713	739
5714	732
5715	724
5716	711
5717	688
5718	667
5719	646
5720	625
5721	605
5722	586
5723	568
5724	551
5725	535
5726	520
5727	505
5728	491
5729	478
5730	465
5731	453
5732	442
5733	431
5734	422
5735	412
5736	403
5737	395
5738	387
5739	380
5740	373
5741	366
5742	360
5743	355
5744	349
5745	344
5746	340
5747	335
5748	331
5749	327
5750	323
5751	320
5752	317
5753	314
5754	312
5755	309
5756	307
5757	304
5758	303
5759	326
5760	381
5761	428
5762	470
5763	509
5764	544
5765	576
5766	605
5767	632
5768	657
5769	680
5770	702
5771	721
5772	739
5773	753
5774	756
5775	754
5776	746
5777	738
5778	730
5779	723
5780	707
5781	685
5782	663
5783	642
5784	621
5785	602
5786	584
5787	566
5788	549
5789	532
5790	517
5791	502
5792	488
5793	475
5794	462
5795	450
5796	439
5797	429
5798	419
5799	408
5800	400
5801	391
5802	384
5803	376
5804	369
5805	363
5806	357
5807	351
5808	346
5809	341
5810	336
5811	332
5812	328
5813	324
5814	321
5815	317
5816	314
5817	311
5818	309
5819	306
5820	304
5821	302
5822	300
5823	331
5824	382
5825	429
5826	471
5827	509
5828	544
5829	576
5830	606
5831	633
5832	658
5833	681
5834	702
5835	721
5836	740
5837	752
5838	755
5839	752
5840	744
5841	736
5842	728
5843	721
5844	703
5845	680
5846	659
5847	638
5848	617
5849	598
5850	579
5851	561
5852	544
5853	529
5854	513
5855	499
5856	484
5857	471
5858	459
5859	447
5860	436
5861	425
5862	415
5863	406
5864	397
5865	389
5866	381
5867	374
5868	367
5869	360
5870	354
5871	349
5872	344
5873	339
5874	334
5875	329
5876	325
5877	321
5878	318
5879	314
5880	312
5881	309
5882	306
5883	304
5884	301
5885	299
5886	298
5887	336
5888	387
5889	433
5890	476
5891	514
5892	549
5893	580
5894	610
5895	637
5896	662
5897	685
5898	706
5899	725
5900	744
5901	754
5902	757
5903	753
5904	744
5905	737
5906	729
5907	721
5908	702
5909	680
5910	658
5911	637
5912	617
5913	597
5914	579
5915	561
5916	543
5917	527
5918	512
5919	497
5920	483
5921	470
5922	457
5923	446
5924	435
5925	424
5926	414
5927	405
5928	396
5929	388
5930	380
5931	373
5932	366
5933	360
5934	354
5935	348
5936	343
5937	338
5938	334
5939	329
5940	326
5941	322
5942	319
5943	315
5944	312
5945	309
5946	307
5947	304
5948	302
5949	300
5950	298
5951	341
5952	392
5953	439
5954	481
5955	519
5956	554
5957	586
5958	615
5959	642
5960	667
5961	690
5962	712
5963	731
5964	749
5965	759
5966	762
5967	757
5968	749
5969	741
5970	733
5971	726
5972	705
5973	683
5974	661
5975	640
5976	620
5977	600
5978	581
5979	563
5980	546
5981	530
5982	515
5983	500
5984	486
5985	472
5986	460
5987	448
5988	437
5989	426
5990	416
5991	407
5992	398
5993	390
5994	381
5995	374
5996	367
5997	361
5998	355
5999	349
6000	344
6001	339
6002	334
6003	330
6004	326
6005	322
6006	318
6007	315
6008	312
6009	309
6010	306
6011	304
6012	302
6013	300
6014	298
6015	346
6016	397
6017	444
6018	487
6019	525
6020	561
6021	593
6022	623
6023	650
6024	675
6025	698
6026	720
6027	739
6028	758
6029	766
6030	769
6031	763
6032	755
6033	747
6034	739
6035	732
6036	709
6037	687
6038	665
6039	643
6040	623
6041	603
6042	584
6043	566
6044	549
6045	533
6046	517
6047	502
6048	488
6049	475
6050	462
6051	450
6052	438
6053	427
6054	418
6055	409
6056	399
6057	390
6058	382
6059	376
6060	369
6061	362
6062	355
6063	350
6064	345
6065	340
6066	335
6067	330
6068	326
6069	322
6070	319
6071	316
6072	312
6073	309
6074	307
6075	304
6076	302
6077	300
6078	298
6079	354
6080	407
6081	454
6082	497
6083	536
6084	572
6085	604
6086	635
6087	662
6088	687
6089	711
6090	732
6091	752
6092	770
6093	777
6094	780
6095	773
6096	764
6097	757
6098	749
6099	741
6100	718
6101	695
6102	673
6103	651
6104	631
6105	610
6106	591
6107	573
6108	556
6109	539
6110	523
6111	506
6112	492
6113	479
6114	465
6115	453
6116	442
6117	431
6118	420
6119	410
6120	401
6121	393
6122	385
6123	376
6124	370
6125	364
6126	357
6127	351
6128	345
6129	341
6130	336
6131	332
6132	327
6133	323
6134	319
6135	316
6136	313
6137	310
6138	307
6139	305
6140	303
6141	300
6142	302
6143	360
6144	414
6145	462
6146	506
6147	546
6148	582
6149	615
6150	647
6151	676
6152	701
6153	725
6154	746
6155	766
6156	784
6157	790
6158	792
6159	783
6160	775
6161	767
6162	759
6163	748
6164	725
6165	701
6166	678
6167	656
6168	635
6169	615
6170	596
6171	577
6172	559
6173	541
6174	525
6175	510
6176	495
6177	481
6178	467
6179	455
6180	444
6181	432
6182	422
6183	411
6184	402
6185	394
6186	386
6187	378
6188	370
6189	363
6190	357
6191	352
6192	346
6193	341
6194	335
6195	331
6196	327
6197	322
6198	319
6199	316
6200	312
6201	309
6202	306
6203	304
6204	301
6205	298
6206	322
6207	381
6208	434
6209	482
6210	526
6211	566
6212	602
6213	635
6214	666
6215	694
6216	719
6217	743
6218	765
6219	785
6220	801
6221	804
6222	803
6223	795
6224	787
6225	779
6226	771
6227	756
6228	732
6229	709
6230	686
6231	665
6232	643
6233	623
6234	603
6235	584
6236	566
6237	548
6238	532
6239	516
6240	500
6241	487
6242	473
6243	461
6244	448
6245	436
6246	426
6247	416
6248	407
6249	397
6250	389
6251	381
6252	373
6253	366
6254	359
6255	353
6256	349
6257	344
6258	337
6259	332
6260	328
6261	324
6262	320
6263	317
6264	313
6265	309
6266	307
6267	304
6268	302
6269	298
6270	331
6271	392
6272	446
6273	494
6274	539
6275	579
6276	616
6277	650
6278	680
6279	708
6280	735
6281	759
6282	780
6283	799
6284	815
6285	818
6286	816
6287	809
6288	800
6289	792
6290	784
6291	768
6292	744
6293	721
6294	698
6295	675
6296	654
6297	632
6298	610
6299	592
6300	573
6301	555
6302	538
6303	522
6304	506
6305	492
6306	478
6307	465
6308	452
6309	440
6310	430
6311	419
6312	409
6313	400
6314	391
6315	383
6316	375
6317	368
6318	361
6319	354
6320	348
6321	343
6322	338
6323	333
6324	328
6325	323
6326	320
6327	316
6328	313
6329	309
6330	306
6331	303
6332	301
6333	299
6334	336
6335	397
6336	453
6337	506
6338	551
6339	592
6340	629
6341	663
6342	694
6343	723
6344	749
6345	772
6346	794
6347	815
6348	828
6349	830
6350	827
6351	819
6352	812
6353	803
6354	795
6355	776
6356	753
6357	729
6358	705
6359	682
6360	661
6361	639
6362	619
6363	598
6364	579
6365	561
6366	544
6367	527
6368	511
6369	496
6370	482
6371	468
6372	456
6373	444
6374	432
6375	421
6376	410
6377	401
6378	392
6379	383
6380	376
6381	368
6382	361
6383	355
6384	348
6385	343
6386	337
6387	332
6388	327
6389	323
6390	319
6391	315
6392	311
6393	308
6394	305
6395	302
6396	299
6397	297
6398	344
6399	407
6400	463
6401	514
6402	559
6403	601
6404	638
6405	673
6406	705
6407	734
6408	760
6409	784
6410	806
6411	826
6412	839
6413	841
6414	838
6415	829
6416	821
6417	814
6418	806
6419	786
6420	761
6421	738
6422	714
6423	691
6424	668
6425	647
6426	626
6427	605
6428	585
6429	567
6430	549
6431	532
6432	516
6433	501
6434	486
6435	472
6436	459
6437	447
6438	435
6439	423
6440	413
6441	403
6442	394
6443	385
6444	377
6445	369
6446	362
6447	355
6448	348
6449	342
6450	338
6451	333
6452	328
6453	322
6454	318
6455	315
6456	311
6457	309
6458	305
6459	301
6460	299
6461	296
6462	350
6463	413
6464	470
6465	521
6466	568
6467	609
6468	647
6469	682
6470	714
6471	743
6472	769
6473	793
6474	815
6475	836
6476	847
6477	850
6478	846
6479	837
6480	829
6481	822
6482	815
6483	793
6484	768
6485	744
6486	720
6487	697
6488	674
6489	652
6490	631
6491	610
6492	590
6493	570
6494	552
6495	535
6496	518
6497	503
6498	488
6499	474
6500	460
6501	447
6502	435
6503	424
6504	414
6505	404
6506	394
6507	385
6508	377
6509	369
6510	362
6511	355
6512	349
6513	343
6514	337
6515	332
6516	327
6517	322
6518	318
6519	313
6520	310
6521	306
6522	303
6523	300
6524	297
6525	295
6526	354
6527	417
6528	474
6529	526
6530	572
6531	614
6532	655
6533	690
6534	721
6535	750
6536	776
6537	800
6538	822
6539	842
6540	851
6541	854
6542	848
6543	840
6544	832
6545	825
6546	817
6547	793
6548	768
6549	744
6550	720
6551	697
6552	674
6553	652
6554	630
6555	609
6556	589
6557	571
6558	553
6559	535
6560	518
6561	503
6562	488
6563	474
6564	460
6565	447
6566	435
6567	424
6568	413
6569	403
6570	394
6571	384
6572	376
6573	368
6574	361
6575	354
6576	347
6577	341
6578	335
6579	330
6580	325
6581	320
6582	316
6583	312
6584	308
6585	304
6586	301
6587	298
6588	296
6589	293
6590	361
6591	423
6592	479
6593	530
6594	575
6595	616
6596	655
6597	689
6598	720
6599	749
6600	774
6601	798
6602	819
6603	839
6604	847
6605	851
6606	844
6607	836
6608	828
6609	820
6610	810
6611	786
6612	762
6613	738
6614	714
6615	690
6616	668
6617	645
6618	624
6619	604
6620	584
6621	565
6622	547
6623	530
6624	514
6625	498
6626	483
6627	469
6628	455
6629	443
6630	431
6631	420
6632	410
6633	399
6634	390
6635	381
6636	373
6637	365
6638	357
6639	352
6640	346
6641	339
6642	333
6643	328
6644	323
6645	319
6646	315
6647	310
6648	307
6649	303
6650	300
6651	297
6652	294
6653	301
6654	367
6655	427
6656	481
6657	530
6658	574
6659	613
6660	651
6661	684
6662	714
6663	742
6664	767
6665	790
6666	811
6667	830
6668	836
6669	840
6670	832
6671	823
6672	816
6673	808
6674	798
6675	773
6676	749
6677	725
6678	701
6679	678
6680	655
6681	634
6682	613
6683	593
6684	574
6685	555
6686	538
6687	521
6688	504
6689	489
6690	475
6691	461
6692	447
6693	435
6694	424
6695	413
6696	402
6697	393
6698	384
6699	376
6700	367
6701	360
6702	353
6703	346
6704	340
6705	335
6706	329
6707	324
6708	319
6709	315
6710	311
6711	307
6712	304
6713	301
6714	297
6715	295
6716	292
6717	316
6718	378
6719	438
6720	489
6721	535
6722	577
6723	614
6724	649
6725	680
6726	709
6727	735
6728	759
6729	781
6730	801
6731	818
6732	822
6733	821
6734	813
6735	805
6736	797
6737	789
6738	774
6739	750
6740	725
6741	702
6742	679
6743	656
6744	634
6745	613
6746	593
6747	574
6748	556
6749	538
6750	521
6751	505
6752	490
6753	476
6754	462
6755	449
6756	437
6757	426
6758	414
6759	404
6760	394
6761	385
6762	377
6763	369
6764	361
6765	354
6766	347
6767	341
6768	336
6769	330
6770	325
6771	321
6772	316
6773	312
6774	308
6775	305
6776	302
6777	298
6778	295
6779	293
6780	290
6781	322
6782	381
6783	435
6784	484
6785	528
6786	568
6787	604
6788	638
6789	668
6790	696
6791	721
6792	745
6793	766
6794	786
6795	801
6796	804
6797	802
6798	794
6799	786
6800	779
6801	771
6802	754
6803	730
6804	706
6805	682
6806	660
6807	638
6808	617
6809	596
6810	577
6811	559
6812	541
6813	524
6814	508
6815	492
6816	478
6817	464
6818	451
6819	439
6820	427
6821	416
6822	406
6823	396
6824	387
6825	378
6826	370
6827	362
6828	355
6829	349
6830	342
6831	336
6832	331
6833	326
6834	321
6835	317
6836	312
6837	308
6838	305
6839	302
6840	298
6841	295
6842	292
6843	290
6844	287
6845	327
6846	384
6847	435
6848	482
6849	525
6850	563
6851	598
6852	630
6853	660
6854	687
6855	711
6856	734
6857	755
6858	774
6859	787
6860	791
6861	788
6862	780
6863	772
6864	764
6865	757
6866	738
6867	714
6868	691
6869	668
6870	646
6871	624
6872	604
6873	584
6874	565
6875	546
6876	528
6877	512
6878	496
6879	482
6880	468
6881	454
6882	442
6883	430
6884	419
6885	408
6886	398
6887	389
6888	380
6889	372
6890	364
6891	356
6892	350
6893	343
6894	337
6895	332
6896	326
6897	321
6898	317
6899	313
6900	309
6901	305
6902	302
6903	298
6904	295
6905	292
6906	289
6907	287
6908	284
6909	327
6910	382
6911	433
6912	479
6913	521
6914	558
6915	593
6916	625
6917	654
6918	680
6919	705
6920	727
6921	748
6922	767
6923	779
6924	783
6925	779
6926	771
6927	763
6928	756
6929	749
6930	728
6931	704
6932	681
6933	658
6934	637
6935	616
6936	595
6937	575
6938	557
6939	539
6940	522
6941	506
6942	490
6943	476
6944	462
6945	449
6946	437
6947	425
6948	414
6949	403
6950	394
6951	385
6952	376
6953	367
6954	359
6955	353
6956	346
6957	340
6958	334
6959	328
6960	323
6961	319
6962	314
6963	310
6964	306
6965	302
6966	299
6967	296
6968	293
6969	290
6970	287
6971	285
6972	282
6973	329
6974	384
6975	435
6976	480
6977	522
6978	559
6979	593
6980	625
6981	654
6982	681
6983	705
6984	727
6985	748
6986	767
6987	778
6988	782
6989	777
6990	770
6991	762
6992	753
6993	747
6994	724
6995	701
6996	677
6997	654
6998	632
6999	611
7000	590
7001	571
7002	553
7003	535
7004	518
7005	502
7006	486
7007	472
7008	458
7009	445
7010	433
7011	421
7012	410
7013	400
7014	390
7015	381
7016	372
7017	364
7018	356
7019	349
7020	343
7021	336
7022	330
7023	325
7024	320
7025	315
7026	311
7027	306
7028	302
7029	299
7030	295
7031	292
7032	289
7033	286
7034	284
7035	281
7036	279
7037	335
7038	391
7039	441
7040	488
7041	529
7042	567
7043	602
7044	634
7045	663
7046	690
7047	714
7048	737
7049	758
7050	777
7051	786
7052	790
7053	784
7054	776
7055	768
7056	761
7057	753
7058	729
7059	705
7060	682
7061	659
7062	636
7063	615
7064	594
7065	574
7066	556
7067	537
7068	520
7069	504
7070	487
7071	472
7072	458
7073	445
7074	432
7075	420
7076	409
7077	399
7078	389
7079	379
7080	370
7081	362
7082	355
7083	347
7084	340
7085	334
7086	328
7087	322
7088	317
7089	312
7090	307
7091	303
7092	299
7093	295
7094	291
7095	289
7096	286
7097	283
7098	280
7099	278
7100	275
7101	338
7102	396
7103	448
7104	496
7105	539
7106	578
7107	613
7108	646
7109	678
7110	705
7111	731
7112	753
7113	774
7114	794
7115	801
7116	805
7117	797
7118	789
7119	782
7120	774
7121	765
7122	740
7123	715
7124	691
7125	668
7126	645
7127	623
7128	601
7129	581
7130	562
7131	543
7132	525
7133	508
7134	492
7135	477
7136	462
7137	448
7138	435
7139	423
7140	411
7141	400
7142	390
7143	380
7144	371
7145	362
7146	354
7147	347
7148	339
7149	332
7150	326
7151	320
7152	315
7153	310
7154	305
7155	301
7156	297
7157	293
7158	289
7159	286
7160	283
7161	280
7162	277
7163	274
7164	280
7165	346
7166	406
7167	461
7168	509
7169	554
7170	594
7171	631
7172	665
7173	695
7174	723
7175	749
7176	772
7177	794
7178	814
7179	820
7180	824
7181	816
7182	808
7183	800
7184	792
7185	781
7186	756
7187	729
7188	705
7189	681
7190	658
7191	634
7192	612
7193	592
7194	572
7195	552
7196	533
7197	515
7198	499
7199	483
7200	468
7201	453
7202	439
7203	427
7204	414
7205	403
7206	392
7207	381
7208	372
7209	364
7210	355
7211	347
7212	339
7213	332
7214	326
7215	320
7216	314
7217	309
7218	304
7219	299
7220	295
7221	291
7222	287
7223	283
7224	280
7225	277
7226	273
7227	271
7228	292
7229	360
7230	421
7231	477
7232	527
7233	572
7234	613
7235	653
7236	687
7237	718
7238	746
7239	772
7240	796
7241	817
7242	836
7243	840
7244	839
7245	831
7246	823
7247	815
7248	807
7249	791
7250	765
7251	740
7252	715
7253	690
7254	666
7255	643
7256	620
7257	597
7258	577
7259	557
7260	538
7261	519
7262	502
7263	486
7264	470
7265	455
7266	441
7267	428
7268	415
7269	403
7270	392
7271	382
7272	371
7273	362
7274	353
7275	345
7276	337
7277	330
7278	324
7279	317
7280	311
7281	305
7282	301
7283	296
7284	291
7285	287
7286	283
7287	279
7288	276
7289	273
7290	270
7291	267
7292	304
7293	373
7294	435
7295	491
7296	544
7297	590
7298	632
7299	669
7300	703
7301	735
7302	763
7303	789
7304	812
7305	834
7306	849
7307	853
7308	851
7309	843
7310	835
7311	827
7312	819
7313	800
7314	774
7315	748
7316	723
7317	698
7318	673
7319	650
7320	626
7321	604
7322	583
7323	562
7324	543
7325	524
7326	506
7327	489
7328	473
7329	458
7330	443
7331	429
7332	416
7333	404
7334	392
7335	380
7336	371
7337	361
7338	352
7339	343
7340	335
7341	328
7342	321
7343	315
7344	308
7345	303
7346	297
7347	293
7348	288
7349	283
7350	279
7351	275
7352	272
7353	269
7354	265
7355	262
7356	310
7357	380
7358	442
7359	499
7360	550
7361	595
7362	637
7363	675
7364	710
7365	741
7366	769
7367	795
7368	818
7369	840
7370	854
7371	858
7372	855
7373	847
7374	839
7375	831
7376	823
7377	803
7378	776
7379	751
7380	725
7381	699
7382	674
7383	650
7384	627
7385	604
7386	582
7387	562
7388	542
7389	523
7390	504
7391	487
7392	471
7393	455
7394	440
7395	426
7396	413
7397	400
7398	389
7399	377
7400	367
7401	357
7402	348
7403	339
7404	331
7405	323
7406	316
7407	310
7408	304
7409	298
7410	292
7411	288
7412	283
7413	278
7414	273
7415	270
7416	266
7417	263
7418	260
7419	257
7420	310
7421	379
7422	442
7423	498
7424	548
7425	594
7426	636
7427	673
7428	707
7429	738
7430	766
7431	792
7432	816
7433	837
7434	850
7435	854
7436	851
7437	842
7438	834
7439	826
7440	818
7441	796
7442	769
7443	743
7444	717
7445	691
7446	667
7447	642
7448	619
7449	596
7450	574
7451	554
7452	532
7453	513
7454	495
7455	478
7456	461
7457	446
7458	431
7459	417
7460	404
7461	392
7462	380
7463	369
7464	359
7465	349
7466	340
7467	331
7468	323
7469	316
7470	309
7471	302
7472	296
7473	291
7474	285
7475	280
7476	275
7477	271
7478	267
7479	263
7480	260
7481	256
7482	253
7483	250
7484	307
7485	374
7486	434
7487	489
7488	538
7489	582
7490	622
7491	660
7492	694
7493	724
7494	752
7495	777
7496	799
7497	820
7498	831
7499	836
7500	830
7501	821
7502	813
7503	805
7504	797
7505	772
7506	746
7507	719
7508	694
7509	668
7510	643
7511	620
7512	596
7513	574
7514	553
7515	533
7516	513
7517	495
7518	477
7519	460
7520	444
7521	429
7522	415
7523	402
7524	389
7525	377
7526	366
7527	355
7528	345
7529	336
7530	326
7531	318
7532	311
7533	304
7534	297
7535	291
7536	285
7537	279
7538	274
7539	269
7540	265
7541	261
7542	257
7543	253
7544	250
7545	247
7546	244
7547	241
7548	303
7549	366
7550	422
7551	473
7552	519
7553	560
7554	598
7555	632
7556	663
7557	692
7558	718
7559	742
7560	764
7561	784
7562	794
7563	798
7564	792
7565	783
7566	775
7567	767
7568	759
7569	731
7570	705
7571	679
7572	653
7573	629
7574	605
7575	582
7576	560
7577	539
7578	519
7579	500
7580	482
7581	464
7582	448
7583	432
7584	418
7585	404
7586	391
7587	378
7588	366
7589	355
7590	345
7591	335
7592	326
7593	317
7594	310
7595	302
7596	295
7597	289
7598	283
7599	277
7600	272
7601	267
7602	262
7603	258
7604	254
7605	250
7606	247
7607	243
7608	240
7609	237
7610	235
7611	236
7612	296
7613	351
7614	402
7615	448
7616	489
7617	526
7618	560
7619	591
7620	620
7621	646
7622	670
7623	692
7624	712
7625	731
7626	739
7627	743
7628	735
7629	726
7630	718
7631	710
7632	701
7633	675
7634	649
7635	625
7636	601
7637	578
7638	556
7639	535
7640	515
7641	496
7642	478
7643	460
7644	444
7645	428
7646	413
7647	398
7648	385
7649	373
7650	361
7651	351
7652	340
7653	331
7654	321
7655	313
7656	305
7657	298
7658	291
7659	284
7660	278
7661	273
7662	267
7663	263
7664	258
7665	254
7666	250
7667	246
7668	243
7669	239
7670	236
7671	233
7672	231
7673	228
7674	226
7675	231
7676	284
7677	332
7678	376
7679	416
7680	453
7681	486
7682	516
7683	544
7684	569
7685	592
7686	615
7687	635
7688	653
7689	670
7690	676
7691	679
7692	671
7693	663
7694	655
7695	648
7696	637
7697	612
7698	589
7699	566
7700	545
7701	524
7702	504
7703	486
7704	468
7705	451
7706	434
7707	419
7708	405
7709	391
7710	378
7711	366
7712	355
7713	344
7714	334
7715	325
7716	316
7717	308
7718	300
7719	293
7720	286
7721	280
7722	274
7723	269
7724	264
7725	258
7726	254
7727	250
7728	246
7729	242
7730	239
7731	236
7732	233
7733	230
7734	228
7735	226
7736	224
7737	222
7738	220
7739	230
7740	275
7741	317
7742	356
7743	391
7744	422
7745	451
7746	478
7747	503
7748	525
7749	545
7750	564
7751	582
7752	598
7753	613
7754	619
7755	621
7756	613
7757	606
7758	599
7759	592
7760	581
7761	559
7762	537
7763	517
7764	496
7765	478
7766	460
7767	444
7768	428
7769	413
7770	398
7771	385
7772	372
7773	361
7774	350
7775	339
7776	329
7777	320
7778	311
7779	304
7780	296
7781	289
7782	283
7783	277
7784	271
7785	266
7786	261
7787	256
7788	252
7789	248
7790	245
7791	241
7792	238
7793	235
7794	232
7795	229
7796	227
7797	225
7798	223
7799	221
7800	219
7801	218
7802	216
7803	239
7804	279
7805	315
7806	348
7807	378
7808	406
7809	432
7810	455
7811	477
7812	497
7813	515
7814	532
7815	547
7816	562
7817	573
7818	577
7819	576
7820	569
7821	563
7822	556
7823	550
7824	535
7825	515
7826	496
7827	477
7828	460
7829	444
7830	428
7831	413
7832	399
7833	386
7834	373
7835	362
7836	351
7837	341
7838	331
7839	322
7840	314
7841	306
7842	298
7843	292
7844	285
7845	279
7846	273
7847	268
7848	263
7849	258
7850	254
7851	251
7852	247
7853	243
7854	240
7855	237
7856	235
7857	232
7858	230
7859	228
7860	226
7861	223
7862	222
7863	221
7864	219
7865	217
7866	216
7867	238
7868	274
7869	308
7870	338
7871	367
7872	393
7873	418
7874	440
7875	460
7876	479
7877	496
7878	512
7879	526
7880	540
7881	550
7882	554
7883	553
7884	546
7885	540
7886	535
7887	529
7888	514
7889	494
7890	476
7891	460
7892	443
7893	427
7894	413
7895	400
7896	387
7897	374
7898	362
7899	352
7900	342
7901	333
7902	324
7903	315
7904	307
7905	300
7906	294
7907	287
7908	281
7909	276
7910	271
7911	266
7912	261
7913	257
7914	253
7915	250
7916	246
7917	243
7918	240
7919	238
7920	235
7921	233
7922	231
7923	229
7924	227
7925	225
7926	223
7927	222
7928	220
7929	219
7930	218
7931	244
7932	279
7933	311
7934	341
7935	368
7936	393
7937	417
7938	438
7939	458
7940	476
7941	493
7942	509
7943	523
7944	537
7945	546
7946	550
7947	548
7948	542
7949	536
7950	530
7951	525
7952	508
7953	490
7954	472
7955	455
7956	440
7957	425
7958	411
7959	397
7960	385
7961	373
7962	361
7963	351
7964	341
7965	332
7966	323
7967	315
7968	308
7969	301
7970	294
7971	288
7972	283
7973	277
7974	272
7975	268
7976	263
7977	259
7978	255
7979	252
7980	249
7981	246
7982	243
7983	240
7984	238
7985	236
7986	234
7987	232
7988	230
7989	228
7990	226
7991	225
7992	224
7993	222
7994	221
7995	253
7996	288
7997	320
7998	350
7999	378
8000	403
8001	426
8002	448
8003	468
8004	486
8005	503
8006	519
8007	534
8008	548
8009	556
8010	560
8011	557
8012	551
8013	545
8014	539
8015	534
8016	516
8017	497
8018	480
8019	463
8020	447
8021	431
8022	417
8023	404
8024	391
8025	379
8026	368
8027	357
8028	347
8029	337
8030	328
8031	320
8032	312
8033	305
8034	299
8035	292
8036	287
8037	281
8038	276
8039	271
8040	267
8041	263
8042	259
8043	256
8044	252
8045	249
8046	246
8047	244
8048	241
8049	239
8050	237
8051	235
8052	233
8053	231
8054	230
8055	228
8056	227
8057	225
8058	224
8059	260
8060	297
8061	331
8062	363
8063	392
8064	418
8065	442
8066	465
8067	486
8068	506
8069	525
8070	541
8071	557
8072	571
8073	579
8074	583
8075	578
8076	571
8077	565
8078	560
8079	554
8080	534
8081	514
8082	496
8083	479
8084	462
8085	446
8086	431
8087	417
8088	404
8089	391
8090	379
8091	368
8092	357
8093	347
8094	338
8095	329
8096	321
8097	314
8098	307
8099	300
8100	294
8101	288
8102	283
8103	278
8104	273
8105	268
8106	265
8107	260
8108	256
8109	253
8110	250
8111	248
8112	245
8113	242
8114	240
8115	238
8116	236
8117	234
8118	232
8119	231
8120	229
8121	228
8122	229
8123	272
8124	312
8125	349
8126	383
8127	414
8128	443
8129	469
8130	494
8131	517
8132	537
8133	557
8134	575
8135	592
8136	607
8137	615
8138	620
8139	613
8140	606
8141	600
8142	594
8143	587
8144	565
8145	544
8146	523
8147	504
8148	486
8149	469
8150	453
8151	438
8152	423
8153	409
8154	396
8155	384
8156	372
8157	362
8158	352
8159	342
8160	333
8161	324
8162	317
8163	310
8164	303
8165	296
8166	290
8167	285
8168	280
8169	275
8170	270
8171	266
8172	262
8173	258
8174	255
8175	251
8176	248
8177	245
8178	243
8179	241
8180	239
8181	236
8182	234
8183	233
8184	231
8185	229
8186	237
8187	285
8188	330
8189	372
8190	410
8191	444
