0	272
1	272
2	272
3	272
4	272
5	271
6	271
7	271
8	271
9	271
10	270
11	270
12	271
13	271
14	272
15	273
16	275
17	276
18	278
19	279
20	281
21	283
22	285
23	287
24	290
25	292
26	294
27	297
28	299
29	301
30	303
31	305
32	307
33	308
34	310
35	311
36	312
37	313
38	314
39	315
40	316
41	316
42	317
43	317
44	318
45	318
46	318
47	318
48	318
49	318
50	318
51	318
52	318
53	318
54	318
55	317
56	317
57	317
58	316
59	316
60	316
61	315
62	315
63	315
64	314
65	314
66	313
67	313
68	312
69	312
70	311
71	311
72	310
73	310
74	309
75	309
76	309
77	310
78	310
79	311
80	312
81	313
82	314
83	316
84	317
85	319
86	321
87	323
88	325
89	327
90	329
91	331
92	332
93	334
94	336
95	338
96	339
97	340
98	342
99	343
100	344
101	344
102	345
103	346
104	346
105	346
106	347
107	347
108	347
109	347
110	347
111	347
112	347
113	347
114	346
115	346
116	346
117	345
118	345
119	344
120	344
121	344
122	343
123	343
124	342
125	341
126	341
127	340
128	340
129	339
130	338
131	338
132	337
133	336
134	336
135	335
136	335
137	334
138	333
139	333
140	333
141	333
142	334
143	334
144	335
145	336
146	337
147	338
148	340
149	341
150	343
151	345
152	346
153	348
154	350
155	352
156	354
157	355
158	357
159	358
160	360
161	361
162	362
163	363
164	363
165	364
166	364
167	365
168	365
169	365
170	366
171	366
172	366
173	366
174	365
175	365
176	365
177	365
178	364
179	364
180	363
181	363
182	363
183	362
184	361
185	361
186	360
187	360
188	359
189	358
190	358
191	357
192	356
193	356
194	355
195	354
196	353
197	353
198	352
199	351
200	351
201	350
202	349
203	349
204	349
205	349
206	349
207	350
208	351
209	352
210	353
211	354
212	355
213	357
214	358
215	360
216	362
217	363
218	365
219	367
220	368
221	370
222	371
223	373
224	374
225	375
226	376
227	377
228	378
229	378
230	379
231	379
232	379
233	379
234	379
235	379
236	379
237	379
238	379
239	379
240	378
241	378
242	378
243	377
244	377
245	376
246	376
247	375
248	374
249	374
250	373
251	372
252	372
253	371
254	370
255	370
256	369
257	368
258	367
259	367
260	366
261	365
262	364
263	364
264	363
265	362
266	361
267	361
268	361
269	361
270	362
271	362
272	363
273	364
274	365
275	366
276	368
277	369
278	371
279	372
280	374
281	376
282	378
283	379
284	381
285	382
286	384
287	385
288	386
289	387
290	388
291	389
292	390
293	390
294	390
295	391
296	391
297	391
298	391
299	391
300	391
301	391
302	390
303	390
304	390
305	389
306	389
307	388
308	388
309	387
310	387
311	386
312	386
313	385
314	384
315	383
316	383
317	382
318	381
319	380
320	380
321	379
322	378
323	377
324	377
325	376
326	375
327	374
328	373
329	373
330	372
331	372
332	372
333	372
334	372
335	373
336	374
337	375
338	376
339	377
340	378
341	380
342	382
343	383
344	385
345	387
346	389
347	390
348	392
349	393
350	395
351	396
352	397
353	398
354	399
355	400
356	401
357	401
358	401
359	402
360	402
361	402
362	402
363	402
364	402
365	402
366	401
367	401
368	401
369	400
370	400
371	399
372	399
373	398
374	397
375	397
376	396
377	395
378	395
379	394
380	393
381	393
382	392
383	391
384	390
385	389
386	389
387	388
388	387
389	386
390	385
391	384
392	384
393	383
394	382
395	382
396	382
397	382
398	382
399	383
400	384
401	385
402	386
403	387
404	389
405	390
406	392
407	394
408	396
409	398
410	399
411	401
412	403
413	404
414	406
415	407
416	408
417	409
418	410
419	411
420	412
421	412
422	412
423	413
424	413
425	413
426	413
427	413
428	413
429	413
430	412
431	412
432	412
433	411
434	411
435	410
436	409
437	409
438	408
439	408
440	407
441	406
442	405
443	405
444	404
445	403
446	402
447	401
448	401
449	400
450	399
451	398
452	397
453	396
454	395
455	395
456	394
457	393
458	392
459	392
460	392
461	392
462	393
463	394
464	394
465	396
466	397
467	398
468	400
469	401
470	403
471	405
472	407
473	408
474	410
475	412
476	414
477	415
478	417
479	418
480	419
481	420
482	421
483	422
484	423
485	423
486	424
487	424
488	424
489	424
490	424
491	424
492	424
493	424
494	423
495	423
496	423
497	422
498	422
499	421
500	420
501	420
502	419
503	418
504	418
505	417
506	416
507	415
508	415
509	414
510	413
511	412
512	411
513	410
514	409
515	409
516	408
517	407
518	406
519	405
520	404
521	403
522	403
523	402
524	402
525	403
526	403
527	404
528	405
529	406
530	407
531	409
532	410
533	412
534	414
535	416
536	417
537	419
538	421
539	423
540	425
541	426
542	428
543	429
544	430
545	431
546	432
547	433
548	434
549	434
550	435
551	435
552	435
553	435
554	435
555	435
556	435
557	435
558	434
559	434
560	433
561	433
562	432
563	432
564	431
565	431
566	430
567	429
568	428
569	428
570	427
571	426
572	425
573	424
574	423
575	423
576	422
577	421
578	420
579	419
580	418
581	417
582	416
583	415
584	414
585	413
586	413
587	413
588	413
589	413
590	414
591	414
592	415
593	416
594	418
595	419
596	421
597	423
598	424
599	426
600	428
601	430
602	432
603	434
604	436
605	437
606	439
607	440
608	441
609	442
610	443
611	444
612	445
613	445
614	445
615	446
616	446
617	446
618	446
619	446
620	446
621	445
622	445
623	445
624	444
625	444
626	443
627	443
628	442
629	441
630	440
631	440
632	439
633	438
634	437
635	436
636	436
637	435
638	434
639	433
640	432
641	431
642	430
643	429
644	428
645	427
646	426
647	425
648	424
649	423
650	423
651	423
652	423
653	423
654	424
655	425
656	426
657	427
658	428
659	430
660	431
661	433
662	435
663	437
664	439
665	441
666	443
667	445
668	446
669	448
670	450
671	451
672	452
673	453
674	454
675	455
676	455
677	456
678	456
679	456
680	457
681	457
682	457
683	456
684	456
685	456
686	456
687	455
688	455
689	454
690	454
691	453
692	452
693	452
694	451
695	450
696	449
697	449
698	448
699	447
700	446
701	445
702	444
703	443
704	442
705	441
706	440
707	439
708	438
709	437
710	436
711	435
712	434
713	433
714	433
715	433
716	433
717	433
718	434
719	435
720	436
721	437
722	438
723	440
724	441
725	443
726	445
727	447
728	449
729	451
730	453
731	455
732	457
733	458
734	460
735	461
736	462
737	463
738	464
739	465
740	465
741	466
742	466
743	466
744	467
745	467
746	466
747	466
748	466
749	466
750	465
751	465
752	464
753	464
754	463
755	462
756	462
757	461
758	460
759	459
760	459
761	458
762	457
763	456
764	455
765	454
766	453
767	452
768	451
769	450
770	449
771	448
772	447
773	446
774	445
775	444
776	443
777	442
778	442
779	441
780	442
781	442
782	443
783	444
784	445
785	446
786	447
787	449
788	451
789	453
790	455
791	457
792	459
793	461
794	463
795	464
796	466
797	468
798	469
799	471
800	472
801	473
802	474
803	474
804	475
805	475
806	476
807	476
808	476
809	476
810	476
811	475
812	475
813	475
814	474
815	474
816	473
817	473
818	472
819	471
820	471
821	470
822	469
823	468
824	467
825	466
826	465
827	464
828	463
829	462
830	461
831	460
832	459
833	458
834	457
835	456
836	455
837	454
838	453
839	452
840	451
841	450
842	450
843	450
844	450
845	450
846	451
847	452
848	453
849	454
850	456
851	457
852	459
853	461
854	463
855	465
856	467
857	469
858	471
859	473
860	475
861	476
862	478
863	479
864	480
865	481
866	482
867	482
868	483
869	483
870	484
871	484
872	484
873	484
874	484
875	483
876	483
877	483
878	482
879	482
880	481
881	480
882	480
883	479
884	478
885	477
886	477
887	476
888	475
889	474
890	473
891	472
892	471
893	470
894	469
895	468
896	467
897	465
898	464
899	463
900	462
901	461
902	460
903	459
904	458
905	457
906	457
907	456
908	457
909	457
910	458
911	459
912	460
913	461
914	463
915	464
916	466
917	468
918	470
919	472
920	474
921	476
922	478
923	480
924	481
925	483
926	484
927	486
928	487
929	488
930	488
931	489
932	490
933	490
934	490
935	490
936	490
937	490
938	490
939	490
940	489
941	489
942	489
943	488
944	487
945	487
946	486
947	485
948	484
949	484
950	483
951	482
952	481
953	480
954	479
955	478
956	477
957	476
958	475
959	474
960	472
961	471
962	470
963	469
964	468
965	467
966	466
967	464
968	463
969	463
970	462
971	462
972	462
973	463
974	464
975	465
976	466
977	467
978	469
979	470
980	472
981	474
982	476
983	478
984	480
985	482
986	484
987	486
988	487
989	489
990	490
991	491
992	493
993	493
994	494
995	495
996	495
997	496
998	496
999	496
1000	496
1001	496
1002	496
1003	495
1004	495
1005	494
1006	494
1007	493
1008	493
1009	492
1010	491
1011	490
1012	490
1013	489
1014	488
1015	487
1016	486
1017	485
1018	484
1019	483
1020	482
1021	481
1022	479
1023	478
1024	477
1025	476
1026	475
1027	474
1028	473
1029	471
1030	470
1031	469
1032	468
1033	467
1034	467
1035	467
1036	467
1037	468
1038	468
1039	469
1040	470
1041	472
1042	473
1043	475
1044	477
1045	478
1046	480
1047	482
1048	484
1049	486
1050	488
1051	490
1052	492
1053	493
1054	494
1055	496
1056	497
1057	497
1058	498
1059	499
1060	499
1061	499
1062	500
1063	500
1064	500
1065	500
1066	499
1067	499
1068	499
1069	498
1070	498
1071	497
1072	496
1073	496
1074	495
1075	494
1076	493
1077	492
1078	491
1079	490
1080	489
1081	488
1082	487
1083	486
1084	485
1085	484
1086	483
1087	482
1088	481
1089	479
1090	478
1091	477
1092	476
1093	475
1094	473
1095	472
1096	471
1097	471
1098	470
1099	470
1100	470
1101	471
1102	471
1103	472
1104	474
1105	475
1106	476
1107	478
1108	480
1109	481
1110	483
1111	485
1112	487
1113	489
1114	491
1115	492
1116	494
1117	496
1118	497
1119	498
1120	499
1121	500
1122	500
1123	501
1124	501
1125	501
1126	502
1127	502
1128	502
1129	501
1130	501
1131	501
1132	500
1133	500
1134	499
1135	499
1136	498
1137	497
1138	496
1139	496
1140	495
1141	494
1142	493
1143	492
1144	491
1145	490
1146	489
1147	488
1148	487
1149	486
1150	484
1151	483
1152	482
1153	481
1154	480
1155	479
1156	477
1157	476
1158	475
1159	474
1160	473
1161	472
1162	472
1163	472
1164	472
1165	472
1166	473
1167	474
1168	475
1169	476
1170	478
1171	479
1172	481
1173	482
1174	484
1175	486
1176	488
1177	490
1178	491
1179	493
1180	495
1181	496
1182	497
1183	498
1184	499
1185	500
1186	500
1187	501
1188	501
1189	501
1190	501
1191	501
1192	501
1193	501
1194	501
1195	500
1196	500
1197	499
1198	499
1199	498
1200	497
1201	497
1202	496
1203	495
1204	494
1205	493
1206	492
1207	491
1208	490
1209	489
1210	488
1211	487
1212	486
1213	485
1214	484
1215	483
1216	482
1217	481
1218	479
1219	478
1220	477
1221	476
1222	475
1223	474
1224	473
1225	472
1226	471
1227	471
1228	472
1229	472
1230	473
1231	473
1232	474
1233	476
1234	477
1235	478
1236	480
1237	482
1238	483
1239	485
1240	487
1241	489
1242	490
1243	492
1244	493
1245	494
1246	496
1247	496
1248	497
1249	498
1250	499
1251	499
1252	499
1253	499
1254	499
1255	499
1256	499
1257	499
1258	499
1259	498
1260	498
1261	497
1262	497
1263	496
1264	495
1265	495
1266	494
1267	493
1268	492
1269	491
1270	490
1271	489
1272	488
1273	487
1274	486
1275	485
1276	484
1277	483
1278	482
1279	481
1280	480
1281	479
1282	478
1283	476
1284	475
1285	474
1286	473
1287	472
1288	471
1289	470
1290	470
1291	470
1292	470
1293	471
1294	471
1295	472
1296	473
1297	474
1298	476
1299	477
1300	479
1301	480
1302	482
1303	484
1304	485
1305	487
1306	488
1307	490
1308	491
1309	492
1310	493
1311	494
1312	495
1313	495
1314	496
1315	496
1316	496
1317	497
1318	497
1319	496
1320	496
1321	496
1322	496
1323	495
1324	495
1325	494
1326	494
1327	493
1328	492
1329	492
1330	491
1331	490
1332	489
1333	488
1334	487
1335	486
1336	485
1337	484
1338	483
1339	482
1340	481
1341	480
1342	479
1343	478
1344	477
1345	476
1346	475
1347	474
1348	472
1349	471
1350	470
1351	469
1352	468
1353	468
1354	468
1355	468
1356	468
1357	468
1358	469
1359	470
1360	471
1361	472
1362	473
1363	475
1364	476
1365	478
1366	479
1367	481
1368	483
1369	484
1370	485
1371	487
1372	488
1373	489
1374	490
1375	491
1376	492
1377	492
1378	493
1379	493
1380	493
1381	493
1382	493
1383	493
1384	493
1385	493
1386	492
1387	492
1388	492
1389	491
1390	490
1391	490
1392	489
1393	488
1394	488
1395	487
1396	486
1397	485
1398	484
1399	483
1400	482
1401	481
1402	480
1403	479
1404	478
1405	477
1406	476
1407	475
1408	474
1409	473
1410	472
1411	471
1412	470
1413	469
1414	468
1415	467
1416	466
1417	465
1418	465
1419	465
1420	465
1421	466
1422	467
1423	467
1424	468
1425	470
1426	471
1427	472
1428	474
1429	475
1430	477
1431	479
1432	480
1433	482
1434	483
1435	484
1436	486
1437	487
1438	488
1439	488
1440	489
1441	490
1442	490
1443	490
1444	491
1445	491
1446	491
1447	491
1448	490
1449	490
1450	490
1451	489
1452	489
1453	488
1454	488
1455	487
1456	486
1457	486
1458	485
1459	484
1460	483
1461	482
1462	482
1463	481
1464	480
1465	479
1466	478
1467	477
1468	476
1469	475
1470	474
1471	473
1472	472
1473	471
1474	470
1475	469
1476	468
1477	466
1478	465
1479	464
1480	464
1481	463
1482	463
1483	463
1484	463
1485	464
1486	465
1487	465
1488	466
1489	468
1490	469
1491	470
1492	472
1493	473
1494	475
1495	477
1496	478
1497	480
1498	481
1499	482
1500	484
1501	485
1502	486
1503	486
1504	487
1505	488
1506	488
1507	488
1508	488
1509	489
1510	489
1511	488
1512	488
1513	488
1514	488
1515	487
1516	487
1517	486
1518	486
1519	485
1520	484
1521	484
1522	483
1523	482
1524	481
1525	480
1526	480
1527	479
1528	478
1529	477
1530	476
1531	475
1532	474
1533	473
1534	472
1535	471
1536	470
1537	469
1538	468
1539	467
1540	466
1541	465
1542	464
1543	463
1544	462
1545	462
1546	462
1547	462
1548	462
1549	463
1550	463
1551	464
1552	465
1553	466
1554	468
1555	469
1556	471
1557	472
1558	474
1559	476
1560	477
1561	479
1562	480
1563	481
1564	483
1565	484
1566	485
1567	486
1568	486
1569	487
1570	487
1571	487
1572	488
1573	488
1574	488
1575	488
1576	487
1577	487
1578	487
1579	486
1580	486
1581	485
1582	485
1583	484
1584	484
1585	483
1586	482
1587	481
1588	480
1589	480
1590	479
1591	478
1592	477
1593	476
1594	475
1595	474
1596	473
1597	472
1598	471
1599	470
1600	469
1601	468
1602	467
1603	466
1604	465
1605	464
1606	463
1607	462
1608	461
1609	461
1610	461
1611	461
1612	461
1613	462
1614	463
1615	464
1616	465
1617	466
1618	467
1619	469
1620	470
1621	472
1622	474
1623	476
1624	477
1625	479
1626	480
1627	481
1628	483
1629	484
1630	485
1631	486
1632	486
1633	487
1634	487
1635	488
1636	488
1637	488
1638	488
1639	488
1640	488
1641	487
1642	487
1643	487
1644	486
1645	486
1646	485
1647	484
1648	484
1649	483
1650	482
1651	481
1652	481
1653	480
1654	479
1655	478
1656	477
1657	476
1658	475
1659	474
1660	473
1661	472
1662	471
1663	470
1664	469
1665	468
1666	467
1667	466
1668	465
1669	464
1670	463
1671	462
1672	461
1673	461
1674	461
1675	461
1676	461
1677	462
1678	463
1679	464
1680	465
1681	466
1682	468
1683	469
1684	471
1685	473
1686	475
1687	476
1688	478
1689	480
1690	481
1691	483
1692	484
1693	485
1694	486
1695	487
1696	488
1697	488
1698	489
1699	489
1700	489
1701	489
1702	489
1703	489
1704	489
1705	489
1706	488
1707	488
1708	488
1709	487
1710	486
1711	486
1712	485
1713	484
1714	484
1715	483
1716	482
1717	481
1718	480
1719	479
1720	478
1721	477
1722	476
1723	475
1724	474
1725	473
1726	472
1727	471
1728	470
1729	469
1730	468
1731	467
1732	466
1733	464
1734	463
1735	462
1736	462
1737	462
1738	462
1739	462
1740	462
1741	463
1742	464
1743	465
1744	466
1745	468
1746	469
1747	471
1748	473
1749	475
1750	477
1751	478
1752	480
1753	482
1754	483
1755	485
1756	486
1757	488
1758	489
1759	490
1760	490
1761	491
1762	491
1763	492
1764	492
1765	492
1766	492
1767	492
1768	492
1769	491
1770	491
1771	491
1772	490
1773	490
1774	489
1775	488
1776	488
1777	487
1778	486
1779	485
1780	484
1781	483
1782	482
1783	481
1784	480
1785	479
1786	478
1787	477
1788	476
1789	475
1790	474
1791	473
1792	472
1793	471
1794	470
1795	468
1796	467
1797	466
1798	465
1799	464
1800	463
1801	463
1802	463
1803	463
1804	464
1805	465
1806	466
1807	467
1808	468
1809	470
1810	472
1811	473
1812	475
1813	477
1814	479
1815	481
1816	483
1817	485
1818	486
1819	488
1820	489
1821	491
1822	492
1823	493
1824	493
1825	494
1826	495
1827	495
1828	495
1829	495
1830	495
1831	495
1832	495
1833	495
1834	494
1835	494
1836	493
1837	493
1838	492
1839	491
1840	490
1841	490
1842	489
1843	488
1844	487
1845	486
1846	485
1847	484
1848	483
1849	482
1850	481
1851	480
1852	478
1853	477
1854	476
1855	475
1856	474
1857	473
1858	471
1859	470
1860	469
1861	468
1862	467
1863	466
1864	465
1865	465
1866	465
1867	466
1868	466
1869	467
1870	468
1871	470
1872	471
1873	473
1874	475
1875	476
1876	479
1877	481
1878	483
1879	485
1880	487
1881	488
1882	490
1883	492
1884	493
1885	494
1886	496
1887	497
1888	497
1889	498
1890	498
1891	499
1892	499
1893	499
1894	499
1895	499
1896	499
1897	498
1898	498
1899	497
1900	497
1901	496
1902	496
1903	495
1904	494
1905	493
1906	492
1907	491
1908	490
1909	489
1910	488
1911	487
1912	486
1913	485
1914	484
1915	483
1916	481
1917	480
1918	479
1919	478
1920	476
1921	475
1922	474
1923	473
1924	471
1925	470
1926	469
1927	468
1928	468
1929	467
1930	468
1931	468
1932	469
1933	470
1934	471
1935	472
1936	474
1937	476
1938	477
1939	479
1940	482
1941	484
1942	486
1943	488
1944	490
1945	492
1946	493
1947	495
1948	497
1949	498
1950	499
1951	500
1952	501
1953	501
1954	502
1955	502
1956	502
1957	502
1958	502
1959	502
1960	502
1961	502
1962	501
1963	501
1964	500
1965	499
1966	499
1967	498
1968	497
1969	496
1970	495
1971	494
1972	493
1973	492
1974	491
1975	490
1976	489
1977	487
1978	486
1979	485
1980	484
1981	482
1982	481
1983	480
1984	479
1985	477
1986	476
1987	475
1988	473
1989	472
1990	471
1991	470
1992	469
1993	469
1994	469
1995	470
1996	471
1997	472
1998	473
1999	474
2000	476
2001	478
2002	480
2003	482
2004	484
2005	486
2006	488
2007	490
2008	492
2009	494
2010	496
2011	498
2012	499
2013	500
2014	502
2015	502
2016	503
2017	504
2018	504
2019	505
2020	505
2021	505
2022	505
2023	505
2024	504
2025	504
2026	503
2027	503
2028	502
2029	502
2030	501
2031	500
2032	499
2033	498
2034	497
2035	496
2036	495
2037	494
2038	493
2039	491
2040	490
2041	489
2042	488
2043	486
2044	485
2045	484
2046	482
2047	481
2048	480
2049	478
2050	477
2051	476
2052	474
2053	473
2054	472
2055	471
2056	470
2057	470
2058	470
2059	471
2060	472
2061	473
2062	474
2063	475
2064	477
2065	479
2066	481
2067	483
2068	485
2069	487
2070	489
2071	491
2072	493
2073	495
2074	497
2075	499
2076	500
2077	502
2078	503
2079	504
2080	504
2081	505
2082	505
2083	506
2084	506
2085	506
2086	506
2087	506
2088	505
2089	505
2090	504
2091	504
2092	503
2093	502
2094	502
2095	501
2096	500
2097	499
2098	498
2099	497
2100	496
2101	494
2102	493
2103	492
2104	491
2105	489
2106	488
2107	487
2108	485
2109	484
2110	483
2111	481
2112	480
2113	478
2114	477
2115	476
2116	474
2117	473
2118	471
2119	471
2120	470
2121	470
2122	470
2123	471
2124	472
2125	473
2126	474
2127	475
2128	477
2129	479
2130	480
2131	483
2132	485
2133	487
2134	489
2135	491
2136	493
2137	495
2138	497
2139	498
2140	500
2141	501
2142	502
2143	503
2144	504
2145	504
2146	505
2147	505
2148	505
2149	505
2150	505
2151	505
2152	504
2153	504
2154	503
2155	503
2156	502
2157	501
2158	501
2159	500
2160	499
2161	498
2162	497
2163	495
2164	494
2165	493
2166	492
2167	491
2168	489
2169	488
2170	487
2171	485
2172	484
2173	482
2174	481
2175	480
2176	478
2177	477
2178	475
2179	474
2180	472
2181	471
2182	470
2183	469
2184	468
2185	468
2186	468
2187	469
2188	470
2189	471
2190	472
2191	473
2192	475
2193	477
2194	479
2195	481
2196	483
2197	485
2198	487
2199	489
2200	491
2201	493
2202	495
2203	496
2204	498
2205	499
2206	500
2207	501
2208	501
2209	502
2210	502
2211	502
2212	502
2213	502
2214	502
2215	502
2216	502
2217	501
2218	500
2219	500
2220	499
2221	498
2222	497
2223	496
2224	495
2225	494
2226	493
2227	492
2228	491
2229	490
2230	489
2231	487
2232	486
2233	485
2234	483
2235	482
2236	481
2237	479
2238	478
2239	476
2240	475
2241	473
2242	472
2243	471
2244	469
2245	468
2246	466
2247	466
2248	465
2249	465
2250	465
2251	466
2252	466
2253	467
2254	469
2255	470
2256	471
2257	473
2258	475
2259	477
2260	479
2261	481
2262	483
2263	485
2264	487
2265	489
2266	490
2267	492
2268	493
2269	494
2270	495
2271	496
2272	497
2273	497
2274	497
2275	497
2276	497
2277	497
2278	497
2279	497
2280	496
2281	496
2282	495
2283	495
2284	494
2285	493
2286	492
2287	491
2288	490
2289	489
2290	488
2291	487
2292	486
2293	485
2294	483
2295	482
2296	481
2297	479
2298	478
2299	477
2300	475
2301	474
2302	473
2303	471
2304	470
2305	468
2306	467
2307	466
2308	464
2309	463
2310	462
2311	461
2312	460
2313	460
2314	460
2315	461
2316	462
2317	463
2318	464
2319	465
2320	466
2321	468
2322	470
2323	472
2324	474
2325	476
2326	477
2327	479
2328	481
2329	483
2330	484
2331	486
2332	487
2333	488
2334	489
2335	490
2336	490
2337	490
2338	491
2339	491
2340	491
2341	491
2342	490
2343	490
2344	490
2345	489
2346	489
2347	488
2348	487
2349	486
2350	485
2351	484
2352	483
2353	482
2354	481
2355	480
2356	479
2357	478
2358	477
2359	475
2360	474
2361	473
2362	472
2363	470
2364	469
2365	468
2366	466
2367	465
2368	463
2369	462
2370	461
2371	459
2372	458
2373	457
2374	456
2375	455
2376	455
2377	454
2378	455
2379	455
2380	456
2381	457
2382	458
2383	459
2384	461
2385	462
2386	464
2387	466
2388	468
2389	469
2390	471
2391	473
2392	475
2393	476
2394	478
2395	479
2396	480
2397	481
2398	482
2399	482
2400	483
2401	483
2402	483
2403	483
2404	483
2405	483
2406	483
2407	482
2408	482
2409	481
2410	481
2411	480
2412	479
2413	478
2414	478
2415	477
2416	476
2417	475
2418	474
2419	473
2420	471
2421	470
2422	469
2423	468
2424	467
2425	465
2426	464
2427	463
2428	462
2429	460
2430	459
2431	458
2432	456
2433	455
2434	454
2435	452
2436	451
2437	450
2438	449
2439	448
2440	448
2441	448
2442	448
2443	449
2444	449
2445	450
2446	451
2447	453
2448	454
2449	455
2450	457
2451	459
2452	460
2453	462
2454	464
2455	466
2456	467
2457	469
2458	470
2459	471
2460	472
2461	473
2462	474
2463	474
2464	475
2465	475
2466	475
2467	475
2468	475
2469	475
2470	475
2471	474
2472	474
2473	473
2474	473
2475	472
2476	471
2477	470
2478	470
2479	469
2480	468
2481	467
2482	466
2483	465
2484	464
2485	463
2486	462
2487	460
2488	459
2489	458
2490	457
2491	456
2492	454
2493	453
2494	452
2495	451
2496	449
2497	448
2498	447
2499	446
2500	444
2501	443
2502	442
2503	442
2504	442
2505	442
2506	442
2507	442
2508	443
2509	444
2510	445
2511	446
2512	447
2513	449
2514	451
2515	452
2516	454
2517	456
2518	457
2519	459
2520	460
2521	462
2522	463
2523	464
2524	465
2525	466
2526	467
2527	467
2528	467
2529	468
2530	468
2531	468
2532	468
2533	468
2534	467
2535	467
2536	466
2537	466
2538	465
2539	465
2540	464
2541	463
2542	463
2543	462
2544	461
2545	460
2546	459
2547	458
2548	457
2549	456
2550	455
2551	454
2552	453
2553	452
2554	450
2555	449
2556	448
2557	447
2558	446
2559	445
2560	443
2561	442
2562	441
2563	440
2564	439
2565	437
2566	437
2567	436
2568	436
2569	436
2570	436
2571	437
2572	438
2573	438
2574	439
2575	441
2576	442
2577	443
2578	445
2579	446
2580	448
2581	450
2582	451
2583	453
2584	454
2585	456
2586	457
2587	458
2588	459
2589	460
2590	460
2591	461
2592	461
2593	461
2594	461
2595	461
2596	461
2597	461
2598	461
2599	461
2600	460
2601	460
2602	459
2603	459
2604	458
2605	457
2606	456
2607	456
2608	455
2609	454
2610	453
2611	452
2612	451
2613	450
2614	449
2615	448
2616	447
2617	446
2618	445
2619	444
2620	443
2621	442
2622	440
2623	439
2624	438
2625	437
2626	436
2627	435
2628	434
2629	433
2630	432
2631	432
2632	431
2633	431
2634	432
2635	432
2636	433
2637	434
2638	435
2639	436
2640	437
2641	439
2642	440
2643	442
2644	443
2645	445
2646	446
2647	448
2648	449
2649	450
2650	452
2651	453
2652	454
2653	454
2654	455
2655	455
2656	456
2657	456
2658	456
2659	456
2660	456
2661	456
2662	456
2663	455
2664	455
2665	455
2666	454
2667	453
2668	453
2669	452
2670	451
2671	451
2672	450
2673	449
2674	448
2675	447
2676	446
2677	445
2678	444
2679	443
2680	442
2681	441
2682	440
2683	439
2684	438
2685	437
2686	436
2687	435
2688	434
2689	433
2690	432
2691	431
2692	430
2693	429
2694	428
2695	428
2696	428
2697	428
2698	428
2699	429
2700	429
2701	430
2702	431
2703	432
2704	434
2705	435
2706	436
2707	438
2708	440
2709	441
2710	443
2711	444
2712	445
2713	447
2714	448
2715	449
2716	450
2717	451
2718	451
2719	452
2720	452
2721	452
2722	452
2723	452
2724	452
2725	452
2726	452
2727	452
2728	451
2729	451
2730	450
2731	450
2732	449
2733	449
2734	448
2735	447
2736	446
2737	446
2738	445
2739	444
2740	443
2741	442
2742	441
2743	440
2744	439
2745	438
2746	437
2747	436
2748	435
2749	434
2750	433
2751	432
2752	431
2753	430
2754	429
2755	428
2756	427
2757	426
2758	425
2759	425
2760	425
2761	425
2762	426
2763	426
2764	427
2765	428
2766	429
2767	430
2768	431
2769	433
2770	434
2771	436
2772	437
2773	439
2774	440
2775	442
2776	443
2777	444
2778	446
2779	447
2780	447
2781	448
2782	449
2783	449
2784	450
2785	450
2786	450
2787	450
2788	450
2789	450
2790	450
2791	449
2792	449
2793	449
2794	448
2795	448
2796	447
2797	446
2798	446
2799	445
2800	444
2801	443
2802	443
2803	442
2804	441
2805	440
2806	439
2807	438
2808	437
2809	436
2810	435
2811	434
2812	433
2813	432
2814	431
2815	430
2816	429
2817	428
2818	427
2819	426
2820	425
2821	425
2822	424
2823	424
2824	424
2825	424
2826	424
2827	425
2828	426
2829	427
2830	428
2831	429
2832	430
2833	432
2834	433
2835	435
2836	436
2837	438
2838	439
2839	441
2840	442
2841	444
2842	445
2843	446
2844	447
2845	447
2846	448
2847	448
2848	449
2849	449
2850	449
2851	449
2852	449
2853	449
2854	449
2855	449
2856	448
2857	448
2858	447
2859	447
2860	446
2861	446
2862	445
2863	444
2864	444
2865	443
2866	442
2867	441
2868	440
2869	440
2870	439
2871	438
2872	437
2873	436
2874	435
2875	434
2876	433
2877	432
2878	431
2879	430
2880	429
2881	428
2882	427
2883	426
2884	425
2885	424
2886	424
2887	424
2888	424
2889	424
2890	424
2891	425
2892	426
2893	427
2894	428
2895	429
2896	431
2897	432
2898	434
2899	435
2900	437
2901	439
2902	440
2903	442
2904	443
2905	444
2906	445
2907	447
2908	447
2909	448
2910	449
2911	449
2912	450
2913	450
2914	450
2915	450
2916	450
2917	450
2918	450
2919	449
2920	449
2921	449
2922	448
2923	448
2924	447
2925	446
2926	446
2927	445
2928	444
2929	443
2930	443
2931	442
2932	441
2933	440
2934	439
2935	438
2936	438
2937	437
2938	436
2939	435
2940	434
2941	433
2942	432
2943	431
2944	430
2945	429
2946	428
2947	427
2948	426
2949	425
2950	425
2951	425
2952	425
2953	425
2954	426
2955	427
2956	428
2957	429
2958	430
2959	431
2960	433
2961	434
2962	436
2963	438
2964	439
2965	441
2966	443
2967	444
2968	445
2969	447
2970	448
2971	449
2972	450
2973	451
2974	451
2975	452
2976	452
2977	452
2978	453
2979	453
2980	453
2981	453
2982	452
2983	452
2984	452
2985	451
2986	451
2987	450
2988	450
2989	449
2990	449
2991	448
2992	447
2993	446
2994	446
2995	445
2996	444
2997	443
2998	442
2999	441
3000	440
3001	439
3002	438
3003	437
3004	436
3005	435
3006	435
3007	434
3008	433
3009	432
3010	431
3011	430
3012	429
3013	428
3014	428
3015	428
3016	428
3017	428
3018	429
3019	430
3020	431
3021	432
3022	433
3023	435
3024	436
3025	438
3026	439
3027	441
3028	443
3029	445
3030	446
3031	448
3032	449
3033	451
3034	452
3035	453
3036	454
3037	455
3038	456
3039	456
3040	456
3041	457
3042	457
3043	457
3044	457
3045	457
3046	457
3047	456
3048	456
3049	456
3050	455
3051	455
3052	454
3053	453
3054	453
3055	452
3056	451
3057	451
3058	450
3059	449
3060	448
3061	447
3062	446
3063	445
3064	444
3065	443
3066	442
3067	441
3068	440
3069	439
3070	438
3071	437
3072	436
3073	435
3074	434
3075	433
3076	432
3077	432
3078	431
3079	431
3080	432
3081	432
3082	433
3083	434
3084	435
3085	436
3086	437
3087	439
3088	440
3089	442
3090	444
3091	446
3092	448
3093	450
3094	451
3095	453
3096	455
3097	456
3098	457
3099	459
3100	460
3101	460
3102	461
3103	462
3104	462
3105	462
3106	462
3107	463
3108	463
3109	462
3110	462
3111	462
3112	462
3113	461
3114	461
3115	460
3116	460
3117	459
3118	458
3119	458
3120	457
3121	456
3122	455
3123	454
3124	453
3125	452
3126	452
3127	451
3128	450
3129	449
3130	448
3131	447
3132	446
3133	444
3134	443
3135	442
3136	441
3137	440
3138	439
3139	438
3140	437
3141	437
3142	436
3143	436
3144	437
3145	437
3146	438
3147	439
3148	440
3149	441
3150	443
3151	444
3152	446
3153	448
3154	450
3155	452
3156	454
3157	456
3158	457
3159	459
3160	461
3161	462
3162	464
3163	465
3164	466
3165	467
3166	468
3167	468
3168	469
3169	469
3170	469
3171	469
3172	469
3173	469
3174	469
3175	469
3176	468
3177	468
3178	467
3179	467
3180	466
3181	465
3182	465
3183	464
3184	463
3185	462
3186	461
3187	460
3188	460
3189	459
3190	458
3191	457
3192	456
3193	454
3194	453
3195	452
3196	451
3197	450
3198	449
3199	448
3200	447
3201	446
3202	445
3203	444
3204	443
3205	442
3206	442
3207	442
3208	442
3209	443
3210	444
3211	445
3212	446
3213	447
3214	449
3215	450
3216	452
3217	454
3218	456
3219	458
3220	461
3221	462
3222	464
3223	466
3224	468
3225	470
3226	471
3227	472
3228	473
3229	474
3230	475
3231	475
3232	476
3233	476
3234	476
3235	476
3236	476
3237	476
3238	476
3239	476
3240	475
3241	475
3242	474
3243	474
3244	473
3245	473
3246	472
3247	471
3248	470
3249	469
3250	468
3251	467
3252	466
3253	465
3254	464
3255	463
3256	462
3257	461
3258	460
3259	459
3260	458
3261	456
3262	455
3263	454
3264	453
3265	452
3266	451
3267	449
3268	448
3269	448
3270	448
3271	448
3272	448
3273	449
3274	450
3275	451
3276	452
3277	454
3278	455
3279	457
3280	459
3281	461
3282	463
3283	466
3284	468
3285	470
3286	472
3287	474
3288	476
3289	477
3290	479
3291	480
3292	481
3293	482
3294	483
3295	483
3296	484
3297	484
3298	484
3299	484
3300	484
3301	484
3302	484
3303	484
3304	483
3305	483
3306	482
3307	482
3308	481
3309	480
3310	479
3311	479
3312	478
3313	477
3314	476
3315	475
3316	474
3317	473
3318	471
3319	470
3320	469
3321	468
3322	467
3323	466
3324	464
3325	463
3326	462
3327	461
3328	459
3329	458
3330	457
3331	456
3332	455
3333	454
3334	454
3335	454
3336	454
3337	455
3338	456
3339	457
3340	459
3341	460
3342	462
3343	464
3344	466
3345	468
3346	471
3347	473
3348	475
3349	477
3350	479
3351	481
3352	483
3353	485
3354	486
3355	488
3356	489
3357	490
3358	491
3359	491
3360	492
3361	492
3362	492
3363	492
3364	492
3365	492
3366	492
3367	492
3368	491
3369	491
3370	490
3371	489
3372	489
3373	488
3374	487
3375	486
3376	485
3377	484
3378	483
3379	482
3380	481
3381	480
3382	478
3383	477
3384	476
3385	475
3386	474
3387	472
3388	471
3389	470
3390	468
3391	467
3392	466
3393	464
3394	463
3395	462
3396	461
3397	460
3398	460
3399	460
3400	461
3401	461
3402	462
3403	464
3404	465
3405	467
3406	469
3407	471
3408	473
3409	475
3410	478
3411	480
3412	482
3413	485
3414	487
3415	489
3416	491
3417	492
3418	494
3419	495
3420	497
3421	498
3422	498
3423	499
3424	499
3425	500
3426	500
3427	500
3428	500
3429	500
3430	499
3431	499
3432	499
3433	498
3434	497
3435	497
3436	496
3437	495
3438	494
3439	493
3440	492
3441	491
3442	490
3443	489
3444	488
3445	486
3446	485
3447	484
3448	482
3449	481
3450	480
3451	478
3452	477
3453	476
3454	474
3455	473
3456	472
3457	470
3458	469
3459	467
3460	466
3461	466
3462	466
3463	466
3464	467
3465	468
3466	469
3467	470
3468	472
3469	474
3470	475
3471	478
3472	480
3473	482
3474	485
3475	487
3476	489
3477	492
3478	494
3479	496
3480	498
3481	500
3482	501
3483	502
3484	504
3485	504
3486	505
3487	506
3488	506
3489	507
3490	507
3491	507
3492	507
3493	506
3494	506
3495	506
3496	505
3497	504
3498	504
3499	503
3500	502
3501	501
3502	500
3503	499
3504	498
3505	497
3506	496
3507	495
3508	493
3509	492
3510	491
3511	489
3512	488
3513	487
3514	485
3515	484
3516	482
3517	481
3518	480
3519	478
3520	477
3521	475
3522	474
3523	472
3524	471
3525	471
3526	471
3527	471
3528	472
3529	473
3530	474
3531	475
3532	477
3533	478
3534	480
3535	483
3536	485
3537	487
3538	490
3539	492
3540	494
3541	497
3542	499
3543	501
3544	503
3545	505
3546	506
3547	507
3548	508
3549	509
3550	510
3551	511
3552	511
3553	511
3554	511
3555	511
3556	511
3557	511
3558	511
3559	510
3560	510
3561	509
3562	508
3563	507
3564	506
3565	505
3566	504
3567	503
3568	502
3569	501
3570	500
3571	499
3572	497
3573	496
3574	495
3575	493
3576	492
3577	490
3578	489
3579	488
3580	486
3581	485
3582	483
3583	482
3584	480
3585	479
3586	477
3587	476
3588	475
3589	474
3590	474
3591	475
3592	475
3593	476
3594	477
3595	478
3596	480
3597	482
3598	484
3599	486
3600	488
3601	491
3602	493
3603	495
3604	498
3605	500
3606	502
3607	504
3608	506
3609	508
3610	509
3611	510
3612	511
3613	512
3614	513
3615	513
3616	514
3617	514
3618	514
3619	514
3620	514
3621	513
3622	513
3623	512
3624	512
3625	511
3626	510
3627	510
3628	509
3629	508
3630	507
3631	506
3632	504
3633	503
3634	502
3635	501
3636	499
3637	498
3638	497
3639	495
3640	494
3641	492
3642	491
3643	489
3644	488
3645	487
3646	485
3647	484
3648	482
3649	480
3650	479
3651	478
3652	477
3653	476
3654	476
3655	476
3656	477
3657	478
3658	479
3659	480
3660	482
3661	484
3662	486
3663	488
3664	490
3665	492
3666	495
3667	497
3668	499
3669	501
3670	503
3671	505
3672	507
3673	509
3674	510
3675	511
3676	512
3677	513
3678	514
3679	514
3680	514
3681	515
3682	515
3683	515
3684	514
3685	514
3686	514
3687	513
3688	512
3689	512
3690	511
3691	510
3692	509
3693	508
3694	507
3695	506
3696	505
3697	503
3698	502
3699	501
3700	500
3701	498
3702	497
3703	496
3704	494
3705	493
3706	491
3707	490
3708	488
3709	487
3710	485
3711	484
3712	482
3713	481
3714	479
3715	478
3716	477
3717	477
3718	476
3719	477
3720	477
3721	478
3722	479
3723	480
3724	482
3725	484
3726	486
3727	488
3728	490
3729	492
3730	494
3731	497
3732	499
3733	501
3734	503
3735	505
3736	506
3737	508
3738	509
3739	510
3740	511
3741	512
3742	512
3743	513
3744	513
3745	513
3746	513
3747	513
3748	513
3749	512
3750	512
3751	511
3752	511
3753	510
3754	509
3755	508
3756	507
3757	506
3758	505
3759	504
3760	503
3761	502
3762	501
3763	499
3764	498
3765	497
3766	495
3767	494
3768	492
3769	491
3770	490
3771	488
3772	487
3773	485
3774	484
3775	482
3776	481
3777	479
3778	478
3779	476
3780	476
3781	475
3782	475
3783	475
3784	476
3785	477
3786	478
3787	479
3788	480
3789	482
3790	484
3791	486
3792	488
3793	490
3794	492
3795	494
3796	496
3797	498
3798	500
3799	502
3800	504
3801	505
3802	506
3803	507
3804	508
3805	509
3806	509
3807	509
3808	510
3809	510
3810	510
3811	510
3812	509
3813	509
3814	508
3815	508
3816	507
3817	506
3818	505
3819	505
3820	504
3821	503
3822	502
3823	500
3824	499
3825	498
3826	497
3827	496
3828	494
3829	493
3830	492
3831	490
3832	489
3833	487
3834	486
3835	485
3836	483
3837	482
3838	480
3839	479
3840	477
3841	476
3842	474
3843	473
3844	472
3845	472
3846	472
3847	472
3848	473
3849	474
3850	475
3851	476
3852	477
3853	479
3854	480
3855	482
3856	484
3857	486
3858	488
3859	490
3860	492
3861	494
3862	496
3863	497
3864	499
3865	500
3866	501
3867	502
3868	503
3869	504
3870	504
3871	504
3872	504
3873	504
3874	504
3875	504
3876	504
3877	503
3878	503
3879	502
3880	502
3881	501
3882	500
3883	499
3884	498
3885	497
3886	496
3887	495
3888	494
3889	493
3890	491
3891	490
3892	489
3893	488
3894	486
3895	485
3896	484
3897	482
3898	481
3899	480
3900	478
3901	477
3902	475
3903	474
3904	472
3905	471
3906	470
3907	468
3908	468
3909	467
3910	467
3911	468
3912	468
3913	469
3914	470
3915	471
3916	472
3917	473
3918	475
3919	477
3920	479
3921	481
3922	483
3923	484
3924	486
3925	488
3926	489
3927	491
3928	492
3929	494
3930	495
3931	495
3932	496
3933	497
3934	497
3935	497
3936	497
3937	497
3938	497
3939	497
3940	496
3941	496
3942	495
3943	495
3944	494
3945	493
3946	493
3947	492
3948	491
3949	490
3950	489
3951	488
3952	487
3953	485
3954	484
3955	483
3956	482
3957	481
3958	479
3959	478
3960	477
3961	475
3962	474
3963	473
3964	471
3965	470
3966	469
3967	467
3968	466
3969	465
3970	463
3971	462
3972	462
3973	461
3974	461
3975	461
3976	462
3977	463
3978	463
3979	464
3980	466
3981	467
3982	469
3983	470
3984	472
3985	474
3986	475
3987	477
3988	479
3989	480
3990	482
3991	483
3992	484
3993	485
3994	486
3995	487
3996	487
3997	488
3998	488
3999	488
4000	488
4001	488
4002	488
4003	488
4004	487
4005	487
4006	486
4007	486
4008	485
4009	484
4010	483
4011	483
4012	482
4013	481
4014	480
4015	479
4016	477
4017	476
4018	475
4019	474
4020	473
4021	472
4022	470
4023	469
4024	468
4025	467
4026	465
4027	464
4028	463
4029	462
4030	460
4031	459
4032	458
4033	456
4034	455
4035	454
4036	454
4037	453
4038	453
4039	454
4040	454
4041	455
4042	455
4043	456
4044	457
4045	459
4046	460
4047	461
4048	463
4049	465
4050	466
4051	468
4052	469
4053	471
4054	472
4055	473
4056	474
4057	475
4058	476
4059	477
4060	477
4061	477
4062	478
4063	478
4064	478
4065	477
4066	477
4067	477
4068	477
4069	476
4070	476
4071	475
4072	474
4073	473
4074	473
4075	472
4076	471
4077	470
4078	469
4079	468
4080	467
4081	466
4082	465
4083	464
4084	463
4085	462
4086	460
4087	459
4088	458
4089	457
4090	456
4091	455
4092	453
4093	452
4094	451
4095	450
4096	449
4097	447
4098	446
4099	445
4100	445
4101	445
4102	444
4103	445
4104	445
4105	446
4106	446
4107	447
4108	448
4109	449
4110	450
4111	452
4112	453
4113	455
4114	456
4115	457
4116	459
4117	460
4118	461
4119	462
4120	463
4121	464
4122	465
4123	465
4124	465
4125	466
4126	466
4127	466
4128	466
4129	466
4130	465
4131	465
4132	465
4133	464
4134	464
4135	463
4136	462
4137	462
4138	461
4139	460
4140	459
4141	458
4142	458
4143	457
4144	456
4145	455
4146	454
4147	453
4148	452
4149	451
4150	450
4151	449
4152	447
4153	446
4154	445
4155	444
4156	443
4157	442
4158	441
4159	440
4160	439
4161	437
4162	436
4163	436
4164	435
4165	435
4166	435
4167	435
4168	435
4169	436
4170	436
4171	437
4172	438
4173	439
4174	440
4175	441
4176	443
4177	444
4178	445
4179	446
4180	447
4181	449
4182	450
4183	451
4184	451
4185	452
4186	453
4187	453
4188	453
4189	453
4190	453
4191	453
4192	453
4193	453
4194	453
4195	453
4196	452
4197	452
4198	451
4199	451
4200	450
4201	450
4202	449
4203	448
4204	447
4205	447
4206	446
4207	445
4208	444
4209	443
4210	442
4211	441
4212	441
4213	440
4214	439
4215	438
4216	437
4217	436
4218	435
4219	434
4220	433
4221	432
4222	431
4223	430
4224	429
4225	428
4226	427
4227	426
4228	426
4229	426
4230	426
4231	426
4232	426
4233	426
4234	427
4235	428
4236	428
4237	429
4238	430
4239	431
4240	432
4241	434
4242	435
4243	436
4244	437
4245	438
4246	439
4247	439
4248	440
4249	441
4250	441
4251	441
4252	442
4253	442
4254	442
4255	442
4256	442
4257	441
4258	441
4259	441
4260	441
4261	440
4262	440
4263	439
4264	439
4265	438
4266	438
4267	437
4268	436
4269	436
4270	435
4271	434
4272	433
4273	433
4274	432
4275	431
4276	430
4277	429
4278	428
4279	428
4280	427
4281	426
4282	425
4283	424
4284	423
4285	422
4286	422
4287	421
4288	420
4289	419
4290	418
4291	418
4292	417
4293	417
4294	417
4295	417
4296	417
4297	418
4298	418
4299	419
4300	420
4301	420
4302	421
4303	422
4304	423
4305	424
4306	425
4307	426
4308	427
4309	428
4310	429
4311	429
4312	430
4313	430
4314	431
4315	431
4316	431
4317	431
4318	431
4319	431
4320	431
4321	431
4322	431
4323	431
4324	430
4325	430
4326	429
4327	429
4328	429
4329	428
4330	428
4331	427
4332	426
4333	426
4334	425
4335	424
4336	424
4337	423
4338	422
4339	422
4340	421
4341	420
4342	420
4343	419
4344	418
4345	417
4346	417
4347	416
4348	415
4349	414
4350	414
4351	413
4352	412
4353	411
4354	411
4355	410
4356	410
4357	410
4358	410
4359	410
4360	410
4361	411
4362	411
4363	412
4364	412
4365	413
4366	414
4367	415
4368	416
4369	417
4370	417
4371	418
4372	419
4373	420
4374	420
4375	421
4376	422
4377	422
4378	422
4379	423
4380	423
4381	423
4382	423
4383	423
4384	423
4385	423
4386	423
4387	422
4388	422
4389	422
4390	421
4391	421
4392	421
4393	420
4394	420
4395	419
4396	419
4397	418
4398	418
4399	417
4400	417
4401	416
4402	415
4403	415
4404	414
4405	414
4406	413
4407	412
4408	412
4409	411
4410	410
4411	410
4412	409
4413	409
4414	408
4415	407
4416	407
4417	406
4418	405
4419	405
4420	405
4421	405
4422	405
4423	405
4424	405
4425	406
4426	406
4427	407
4428	407
4429	408
4430	409
4431	410
4432	410
4433	411
4434	412
4435	413
4436	414
4437	414
4438	415
4439	415
4440	416
4441	416
4442	417
4443	417
4444	417
4445	417
4446	417
4447	417
4448	417
4449	417
4450	417
4451	417
4452	417
4453	416
4454	416
4455	416
4456	415
4457	415
4458	415
4459	414
4460	414
4461	413
4462	413
4463	412
4464	412
4465	411
4466	411
4467	410
4468	410
4469	409
4470	409
4471	408
4472	408
4473	407
4474	406
4475	406
4476	405
4477	405
4478	404
4479	404
4480	403
4481	402
4482	402
4483	402
4484	402
4485	402
4486	402
4487	402
4488	402
4489	402
4490	403
4491	403
4492	404
4493	405
4494	405
4495	406
4496	407
4497	408
4498	409
4499	409
4500	410
4501	411
4502	411
4503	412
4504	412
4505	413
4506	413
4507	413
4508	414
4509	414
4510	414
4511	414
4512	414
4513	414
4514	414
4515	413
4516	413
4517	413
4518	413
4519	412
4520	412
4521	412
4522	411
4523	411
4524	411
4525	410
4526	410
4527	409
4528	409
4529	408
4530	408
4531	407
4532	407
4533	407
4534	406
4535	406
4536	405
4537	404
4538	404
4539	403
4540	403
4541	402
4542	402
4543	401
4544	401
4545	400
4546	400
4547	400
4548	400
4549	400
4550	400
4551	400
4552	400
4553	401
4554	401
4555	402
4556	402
4557	403
4558	404
4559	404
4560	405
4561	406
4562	407
4563	407
4564	408
4565	409
4566	409
4567	410
4568	410
4569	411
4570	411
4571	411
4572	411
4573	412
4574	412
4575	412
4576	412
4577	412
4578	411
4579	411
4580	411
4581	411
4582	411
4583	410
4584	410
4585	410
4586	409
4587	409
4588	409
4589	408
4590	408
4591	407
4592	407
4593	407
4594	406
4595	406
4596	405
4597	405
4598	404
4599	404
4600	403
4601	403
4602	402
4603	402
4604	401
4605	401
4606	400
4607	400
4608	399
4609	399
4610	399
4611	398
4612	398
4613	398
4614	398
4615	399
4616	399
4617	399
4618	400
4619	401
4620	401
4621	402
4622	403
4623	403
4624	404
4625	405
4626	406
4627	406
4628	407
4629	408
4630	408
4631	409
4632	409
4633	410
4634	410
4635	410
4636	411
4637	411
4638	411
4639	411
4640	411
4641	411
4642	411
4643	410
4644	410
4645	410
4646	410
4647	410
4648	409
4649	409
4650	409
4651	408
4652	408
4653	407
4654	407
4655	407
4656	406
4657	406
4658	405
4659	405
4660	404
4661	404
4662	404
4663	403
4664	403
4665	402
4666	402
4667	401
4668	401
4669	400
4670	400
4671	399
4672	399
4673	398
4674	398
4675	398
4676	398
4677	398
4678	398
4679	398
4680	399
4681	399
4682	400
4683	400
4684	401
4685	401
4686	402
4687	403
4688	404
4689	405
4690	405
4691	406
4692	407
4693	408
4694	408
4695	409
4696	409
4697	410
4698	410
4699	410
4700	410
4701	411
4702	411
4703	411
4704	411
4705	411
4706	411
4707	410
4708	410
4709	410
4710	410
4711	409
4712	409
4713	409
4714	409
4715	408
4716	408
4717	407
4718	407
4719	407
4720	406
4721	406
4722	405
4723	405
4724	404
4725	404
4726	403
4727	403
4728	402
4729	402
4730	401
4731	401
4732	400
4733	400
4734	399
4735	399
4736	398
4737	398
4738	398
4739	397
4740	397
4741	398
4742	398
4743	398
4744	399
4745	399
4746	400
4747	400
4748	401
4749	402
4750	403
4751	403
4752	404
4753	405
4754	406
4755	407
4756	408
4757	408
4758	409
4759	409
4760	410
4761	410
4762	411
4763	411
4764	411
4765	411
4766	411
4767	411
4768	411
4769	411
4770	411
4771	411
4772	411
4773	411
4774	410
4775	410
4776	410
4777	410
4778	409
4779	409
4780	408
4781	408
4782	408
4783	407
4784	407
4785	406
4786	406
4787	405
4788	405
4789	404
4790	404
4791	403
4792	403
4793	402
4794	402
4795	401
4796	401
4797	400
4798	400
4799	399
4800	398
4801	398
4802	398
4803	398
4804	398
4805	398
4806	398
4807	398
4808	399
4809	399
4810	400
4811	401
4812	402
4813	402
4814	403
4815	404
4816	405
4817	406
4818	407
4819	408
4820	409
4821	409
4822	410
4823	411
4824	411
4825	412
4826	412
4827	412
4828	413
4829	413
4830	413
4831	413
4832	413
4833	413
4834	413
4835	413
4836	412
4837	412
4838	412
4839	412
4840	411
4841	411
4842	411
4843	410
4844	410
4845	409
4846	409
4847	408
4848	408
4849	407
4850	407
4851	406
4852	406
4853	405
4854	405
4855	404
4856	404
4857	403
4858	403
4859	402
4860	401
4861	401
4862	400
4863	400
4864	399
4865	399
4866	398
4867	398
4868	398
4869	398
4870	399
4871	399
4872	400
4873	400
4874	401
4875	402
4876	403
4877	404
4878	405
4879	406
4880	407
4881	408
4882	409
4883	410
4884	411
4885	412
4886	412
4887	413
4888	414
4889	414
4890	415
4891	415
4892	415
4893	415
4894	415
4895	415
4896	415
4897	415
4898	415
4899	415
4900	415
4901	415
4902	414
4903	414
4904	414
4905	413
4906	413
4907	412
4908	412
4909	412
4910	411
4911	411
4912	410
4913	410
4914	409
4915	408
4916	408
4917	407
4918	407
4919	406
4920	405
4921	405
4922	404
4923	404
4924	403
4925	402
4926	402
4927	401
4928	400
4929	400
4930	400
4931	400
4932	400
4933	400
4934	400
4935	401
4936	401
4937	402
4938	403
4939	404
4940	405
4941	406
4942	407
4943	408
4944	410
4945	411
4946	412
4947	413
4948	414
4949	415
4950	416
4951	417
4952	417
4953	418
4954	418
4955	419
4956	419
4957	419
4958	419
4959	419
4960	419
4961	419
4962	419
4963	419
4964	419
4965	419
4966	418
4967	418
4968	418
4969	417
4970	417
4971	416
4972	416
4973	415
4974	415
4975	414
4976	414
4977	413
4978	412
4979	412
4980	411
4981	411
4982	410
4983	409
4984	409
4985	408
4986	407
4987	407
4988	406
4989	405
4990	405
4991	404
4992	403
4993	403
4994	402
4995	402
4996	402
4997	403
4998	403
4999	404
5000	405
5001	405
5002	406
5003	407
5004	409
5005	410
5006	411
5007	413
5008	414
5009	415
5010	417
5011	418
5012	419
5013	420
5014	421
5015	422
5016	423
5017	424
5018	424
5019	425
5020	425
5021	425
5022	425
5023	425
5024	426
5025	425
5026	425
5027	425
5028	425
5029	425
5030	424
5031	424
5032	424
5033	423
5034	423
5035	422
5036	422
5037	421
5038	420
5039	420
5040	419
5041	419
5042	418
5043	417
5044	417
5045	416
5046	415
5047	414
5048	414
5049	413
5050	412
5051	411
5052	411
5053	410
5054	409
5055	408
5056	408
5057	407
5058	407
5059	407
5060	407
5061	407
5062	408
5063	409
5064	410
5065	411
5066	412
5067	413
5068	414
5069	416
5070	417
5071	419
5072	421
5073	422
5074	424
5075	425
5076	426
5077	428
5078	429
5079	430
5080	431
5081	432
5082	432
5083	433
5084	433
5085	433
5086	434
5087	434
5088	434
5089	434
5090	434
5091	434
5092	433
5093	433
5094	433
5095	432
5096	432
5097	431
5098	431
5099	430
5100	430
5101	429
5102	428
5103	428
5104	427
5105	426
5106	425
5107	425
5108	424
5109	423
5110	422
5111	421
5112	421
5113	420
5114	419
5115	418
5116	417
5117	416
5118	416
5119	415
5120	414
5121	413
5122	413
5123	413
5124	414
5125	414
5126	415
5127	416
5128	417
5129	418
5130	419
5131	421
5132	422
5133	424
5134	426
5135	428
5136	430
5137	431
5138	433
5139	435
5140	436
5141	438
5142	439
5143	440
5144	441
5145	442
5146	443
5147	443
5148	444
5149	444
5150	444
5151	444
5152	444
5153	444
5154	444
5155	444
5156	444
5157	443
5158	443
5159	442
5160	442
5161	441
5162	441
5163	440
5164	440
5165	439
5166	438
5167	437
5168	437
5169	436
5170	435
5171	434
5172	433
5173	432
5174	431
5175	430
5176	430
5177	429
5178	428
5179	427
5180	426
5181	425
5182	424
5183	423
5184	422
5185	422
5186	421
5187	421
5188	422
5189	422
5190	423
5191	424
5192	425
5193	427
5194	428
5195	430
5196	432
5197	434
5198	436
5199	438
5200	440
5201	442
5202	443
5203	445
5204	447
5205	449
5206	450
5207	451
5208	452
5209	453
5210	454
5211	455
5212	455
5213	455
5214	456
5215	456
5216	456
5217	456
5218	456
5219	455
5220	455
5221	455
5222	454
5223	454
5224	453
5225	453
5226	452
5227	451
5228	451
5229	450
5230	449
5231	448
5232	447
5233	446
5234	445
5235	444
5236	443
5237	442
5238	441
5239	440
5240	439
5241	438
5242	437
5243	436
5244	435
5245	434
5246	433
5247	432
5248	431
5249	430
5250	430
5251	430
5252	431
5253	432
5254	432
5255	434
5256	435
5257	436
5258	438
5259	440
5260	442
5261	444
5262	446
5263	448
5264	450
5265	452
5266	454
5267	456
5268	458
5269	460
5270	461
5271	463
5272	464
5273	465
5274	465
5275	466
5276	467
5277	467
5278	467
5279	467
5280	467
5281	467
5282	467
5283	467
5284	467
5285	466
5286	466
5287	465
5288	464
5289	464
5290	463
5291	462
5292	461
5293	461
5294	460
5295	459
5296	458
5297	457
5298	456
5299	455
5300	454
5301	452
5302	451
5303	450
5304	449
5305	448
5306	447
5307	446
5308	444
5309	443
5310	442
5311	441
5312	440
5313	439
5314	439
5315	439
5316	440
5317	441
5318	442
5319	443
5320	444
5321	446
5322	448
5323	450
5324	452
5325	454
5326	456
5327	458
5328	461
5329	463
5330	465
5331	467
5332	469
5333	471
5334	472
5335	474
5336	475
5337	476
5338	477
5339	477
5340	478
5341	478
5342	479
5343	479
5344	479
5345	479
5346	478
5347	478
5348	478
5349	477
5350	477
5351	476
5352	475
5353	475
5354	474
5355	473
5356	472
5357	471
5358	470
5359	469
5360	468
5361	467
5362	466
5363	465
5364	463
5365	462
5366	461
5367	460
5368	459
5369	457
5370	456
5371	455
5372	453
5373	452
5374	451
5375	450
5376	449
5377	448
5378	448
5379	448
5380	449
5381	449
5382	450
5383	452
5384	453
5385	455
5386	457
5387	459
5388	461
5389	463
5390	466
5391	468
5392	471
5393	473
5394	475
5395	477
5396	479
5397	481
5398	483
5399	484
5400	485
5401	486
5402	487
5403	488
5404	488
5405	489
5406	489
5407	489
5408	489
5409	489
5410	489
5411	488
5412	488
5413	487
5414	487
5415	486
5416	485
5417	484
5418	484
5419	483
5420	482
5421	481
5422	479
5423	478
5424	477
5425	476
5426	475
5427	473
5428	472
5429	471
5430	470
5431	468
5432	467
5433	466
5434	464
5435	463
5436	461
5437	460
5438	459
5439	457
5440	456
5441	456
5442	456
5443	456
5444	456
5445	457
5446	458
5447	460
5448	461
5449	463
5450	465
5451	467
5452	469
5453	472
5454	474
5455	477
5456	479
5457	481
5458	484
5459	486
5460	488
5461	490
5462	491
5463	493
5464	494
5465	495
5466	496
5467	497
5468	497
5469	497
5470	498
5471	498
5472	498
5473	498
5474	497
5475	497
5476	496
5477	496
5478	495
5479	494
5480	493
5481	493
5482	492
5483	491
5484	490
5485	488
5486	487
5487	486
5488	485
5489	484
5490	482
5491	481
5492	480
5493	478
5494	477
5495	475
5496	474
5497	472
5498	471
5499	469
5500	468
5501	467
5502	465
5503	464
5504	463
5505	462
5506	462
5507	462
5508	462
5509	463
5510	464
5511	466
5512	467
5513	469
5514	471
5515	473
5516	476
5517	478
5518	481
5519	483
5520	486
5521	488
5522	491
5523	493
5524	495
5525	497
5526	498
5527	500
5528	501
5529	502
5530	503
5531	504
5532	504
5533	505
5534	505
5535	505
5536	505
5537	504
5538	504
5539	504
5540	503
5541	502
5542	502
5543	501
5544	500
5545	499
5546	498
5547	497
5548	496
5549	495
5550	493
5551	492
5552	491
5553	489
5554	488
5555	487
5556	485
5557	484
5558	482
5559	481
5560	479
5561	478
5562	476
5563	474
5564	473
5565	471
5566	470
5567	468
5568	467
5569	467
5570	466
5571	467
5572	467
5573	468
5574	469
5575	471
5576	472
5577	474
5578	476
5579	479
5580	481
5581	484
5582	486
5583	489
5584	491
5585	494
5586	496
5587	498
5588	500
5589	502
5590	504
5591	505
5592	507
5593	508
5594	509
5595	509
5596	510
5597	510
5598	510
5599	510
5600	510
5601	510
5602	509
5603	509
5604	508
5605	508
5606	507
5607	506
5608	505
5609	504
5610	503
5611	502
5612	501
5613	499
5614	498
5615	497
5616	495
5617	494
5618	492
5619	491
5620	489
5621	488
5622	486
5623	485
5624	483
5625	481
5626	480
5627	478
5628	477
5629	475
5630	473
5631	472
5632	471
5633	470
5634	470
5635	470
5636	471
5637	472
5638	473
5639	475
5640	477
5641	479
5642	481
5643	483
5644	486
5645	488
5646	491
5647	494
5648	496
5649	498
5650	501
5651	503
5652	505
5653	507
5654	509
5655	510
5656	511
5657	512
5658	513
5659	513
5660	514
5661	514
5662	514
5663	514
5664	514
5665	514
5666	513
5667	513
5668	512
5669	511
5670	510
5671	509
5672	508
5673	507
5674	506
5675	505
5676	504
5677	502
5678	501
5679	499
5680	498
5681	496
5682	495
5683	493
5684	492
5685	490
5686	488
5687	487
5688	485
5689	484
5690	482
5691	480
5692	478
5693	477
5694	475
5695	474
5696	473
5697	472
5698	472
5699	472
5700	473
5701	474
5702	475
5703	477
5704	479
5705	481
5706	483
5707	485
5708	488
5709	490
5710	493
5711	496
5712	498
5713	500
5714	503
5715	505
5716	507
5717	509
5718	510
5719	512
5720	513
5721	514
5722	515
5723	515
5724	515
5725	516
5726	516
5727	516
5728	515
5729	515
5730	514
5731	514
5732	513
5733	512
5734	511
5735	510
5736	509
5737	508
5738	507
5739	506
5740	504
5741	503
5742	501
5743	500
5744	498
5745	497
5746	495
5747	494
5748	492
5749	490
5750	489
5751	487
5752	485
5753	484
5754	482
5755	480
5756	478
5757	477
5758	475
5759	473
5760	473
5761	472
5762	472
5763	472
5764	473
5765	474
5766	475
5767	477
5768	479
5769	481
5770	483
5771	485
5772	488
5773	491
5774	493
5775	496
5776	498
5777	501
5778	503
5779	505
5780	507
5781	509
5782	511
5783	512
5784	513
5785	514
5786	515
5787	515
5788	515
5789	516
5790	516
5791	515
5792	515
5793	515
5794	514
5795	514
5796	513
5797	512
5798	511
5799	510
5800	509
5801	508
5802	506
5803	505
5804	504
5805	502
5806	501
5807	499
5808	498
5809	496
5810	495
5811	493
5812	491
5813	490
5814	488
5815	486
5816	485
5817	483
5818	481
5819	479
5820	478
5821	476
5822	474
5823	473
5824	472
5825	471
5826	471
5827	472
5828	472
5829	473
5830	475
5831	476
5832	478
5833	480
5834	482
5835	485
5836	487
5837	490
5838	493
5839	495
5840	498
5841	500
5842	502
5843	504
5844	506
5845	508
5846	510
5847	511
5848	512
5849	513
5850	514
5851	514
5852	514
5853	514
5854	514
5855	514
5856	514
5857	514
5858	513
5859	512
5860	512
5861	511
5862	510
5863	509
5864	508
5865	506
5866	505
5867	504
5868	502
5869	501
5870	499
5871	498
5872	496
5873	495
5874	493
5875	492
5876	490
5877	488
5878	487
5879	485
5880	483
5881	481
5882	480
5883	478
5884	476
5885	474
5886	472
5887	471
5888	470
5889	470
5890	470
5891	470
5892	471
5893	472
5894	474
5895	475
5896	477
5897	479
5898	481
5899	484
5900	486
5901	489
5902	492
5903	494
5904	497
5905	499
5906	502
5907	504
5908	506
5909	507
5910	509
5911	510
5912	511
5913	512
5914	513
5915	513
5916	514
5917	514
5918	514
5919	514
5920	513
5921	513
5922	512
5923	512
5924	511
5925	510
5926	509
5927	508
5928	507
5929	506
5930	504
5931	503
5932	502
5933	500
5934	499
5935	497
5936	496
5937	494
5938	493
5939	491
5940	489
5941	488
5942	486
5943	484
5944	482
5945	481
5946	479
5947	477
5948	475
5949	474
5950	472
5951	471
5952	470
5953	469
5954	470
5955	470
5956	471
5957	472
5958	473
5959	475
5960	477
5961	479
5962	482
5963	484
5964	487
5965	489
5966	492
5967	495
5968	497
5969	500
5970	502
5971	504
5972	506
5973	508
5974	510
5975	511
5976	512
5977	513
5978	514
5979	514
5980	514
5981	514
5982	514
5983	514
5984	514
5985	514
5986	513
5987	512
5988	512
5989	511
5990	510
5991	509
5992	508
5993	506
5994	505
5995	504
5996	503
5997	501
5998	500
5999	498
6000	497
6001	495
6002	493
6003	492
6004	490
6005	488
6006	487
6007	485
6008	483
6009	482
6010	480
6011	478
6012	476
6013	474
6014	473
6015	471
6016	471
6017	470
6018	471
6019	471
6020	472
6021	473
6022	475
6023	476
6024	478
6025	481
6026	483
6027	486
6028	488
6029	491
6030	494
6031	496
6032	499
6033	502
6034	504
6035	506
6036	508
6037	510
6038	512
6039	513
6040	514
6041	515
6042	516
6043	516
6044	516
6045	517
6046	517
6047	516
6048	516
6049	516
6050	515
6051	514
6052	514
6053	513
6054	512
6055	511
6056	510
6057	509
6058	507
6059	506
6060	505
6061	503
6062	502
6063	500
6064	499
6065	497
6066	495
6067	494
6068	492
6069	490
6070	489
6071	487
6072	485
6073	483
6074	482
6075	480
6076	478
6077	476
6078	474
6079	473
6080	473
6081	472
6082	473
6083	473
6084	474
6085	475
6086	477
6087	479
6088	481
6089	483
6090	486
6091	488
6092	491
6093	494
6094	497
6095	500
6096	502
6097	505
6098	507
6099	510
6100	512
6101	514
6102	515
6103	517
6104	518
6105	519
6106	519
6107	520
6108	520
6109	520
6110	520
6111	520
6112	520
6113	520
6114	519
6115	518
6116	518
6117	517
6118	516
6119	515
6120	514
6121	512
6122	511
6123	510
6124	508
6125	507
6126	505
6127	504
6128	502
6129	501
6130	499
6131	497
6132	496
6133	494
6134	492
6135	490
6136	488
6137	487
6138	485
6139	483
6140	481
6141	479
6142	478
6143	477
6144	476
6145	476
6146	476
6147	477
6148	478
6149	479
6150	481
6151	483
6152	485
6153	487
6154	490
6155	493
6156	496
6157	499
6158	501
6159	504
6160	507
6161	510
6162	512
6163	514
6164	517
6165	518
6166	520
6167	521
6168	522
6169	523
6170	524
6171	525
6172	525
6173	525
6174	525
6175	525
6176	525
6177	524
6178	524
6179	523
6180	522
6181	521
6182	520
6183	519
6184	518
6185	517
6186	515
6187	514
6188	513
6189	511
6190	510
6191	508
6192	506
6193	505
6194	503
6195	501
6196	499
6197	498
6198	496
6199	494
6200	492
6201	490
6202	489
6203	487
6204	485
6205	483
6206	481
6207	480
6208	480
6209	480
6210	480
6211	481
6212	482
6213	484
6214	486
6215	488
6216	490
6217	493
6218	495
6219	498
6220	501
6221	504
6222	507
6223	510
6224	513
6225	516
6226	518
6227	521
6228	523
6229	524
6230	526
6231	527
6232	529
6233	530
6234	530
6235	531
6236	531
6237	531
6238	531
6239	531
6240	531
6241	530
6242	530
6243	529
6244	528
6245	527
6246	526
6247	525
6248	524
6249	523
6250	521
6251	520
6252	519
6253	517
6254	515
6255	514
6256	512
6257	511
6258	509
6259	507
6260	505
6261	503
6262	502
6263	500
6264	498
6265	496
6266	494
6267	492
6268	490
6269	488
6270	487
6271	486
6272	485
6273	485
6274	486
6275	487
6276	488
6277	490
6278	492
6279	494
6280	496
6281	499
6282	502
6283	505
6284	508
6285	511
6286	514
6287	517
6288	520
6289	522
6290	525
6291	527
6292	530
6293	531
6294	533
6295	535
6296	536
6297	537
6298	537
6299	538
6300	538
6301	538
6302	538
6303	538
6304	538
6305	538
6306	537
6307	536
6308	535
6309	534
6310	533
6311	532
6312	531
6313	530
6314	528
6315	527
6316	525
6317	524
6318	522
6319	520
6320	519
6321	517
6322	515
6323	513
6324	511
6325	510
6326	508
6327	506
6328	504
6329	502
6330	500
6331	498
6332	496
6333	494
6334	492
6335	491
6336	491
6337	491
6338	492
6339	493
6340	494
6341	496
6342	498
6343	500
6344	502
6345	505
6346	508
6347	511
6348	514
6349	517
6350	521
6351	524
6352	526
6353	529
6354	532
6355	534
6356	536
6357	538
6358	540
6359	541
6360	543
6361	544
6362	544
6363	545
6364	545
6365	545
6366	545
6367	545
6368	545
6369	544
6370	544
6371	543
6372	542
6373	541
6374	540
6375	539
6376	537
6377	536
6378	535
6379	533
6380	532
6381	530
6382	528
6383	526
6384	525
6385	523
6386	521
6387	519
6388	517
6389	515
6390	513
6391	511
6392	509
6393	507
6394	505
6395	503
6396	501
6397	499
6398	498
6399	497
6400	496
6401	496
6402	497
6403	498
6404	500
6405	501
6406	503
6407	506
6408	508
6409	511
6410	514
6411	517
6412	520
6413	523
6414	526
6415	530
6416	532
6417	535
6418	538
6419	540
6420	543
6421	545
6422	546
6423	548
6424	549
6425	550
6426	551
6427	551
6428	551
6429	552
6430	552
6431	551
6432	551
6433	551
6434	550
6435	549
6436	548
6437	547
6438	546
6439	545
6440	544
6441	542
6442	541
6443	539
6444	537
6445	536
6446	534
6447	532
6448	530
6449	528
6450	527
6451	525
6452	523
6453	521
6454	519
6455	517
6456	514
6457	512
6458	510
6459	508
6460	506
6461	504
6462	503
6463	502
6464	501
6465	501
6466	502
6467	503
6468	505
6469	506
6470	508
6471	511
6472	513
6473	516
6474	519
6475	522
6476	526
6477	529
6478	532
6479	535
6480	538
6481	541
6482	544
6483	546
6484	548
6485	550
6486	552
6487	553
6488	555
6489	555
6490	556
6491	557
6492	557
6493	557
6494	557
6495	557
6496	557
6497	556
6498	555
6499	555
6500	554
6501	552
6502	551
6503	550
6504	549
6505	547
6506	546
6507	544
6508	542
6509	541
6510	539
6511	537
6512	535
6513	533
6514	531
6515	529
6516	527
6517	525
6518	523
6519	521
6520	519
6521	517
6522	515
6523	512
6524	510
6525	508
6526	507
6527	506
6528	505
6529	506
6530	506
6531	507
6532	509
6533	511
6534	513
6535	515
6536	518
6537	520
6538	523
6539	527
6540	530
6541	533
6542	536
6543	539
6544	542
6545	545
6546	548
6547	550
6548	552
6549	554
6550	556
6551	557
6552	559
6553	559
6554	560
6555	561
6556	561
6557	561
6558	561
6559	561
6560	560
6561	560
6562	559
6563	558
6564	557
6565	556
6566	555
6567	553
6568	552
6569	551
6570	549
6571	547
6572	546
6573	544
6574	542
6575	540
6576	538
6577	536
6578	534
6579	532
6580	530
6581	528
6582	526
6583	524
6584	522
6585	519
6586	517
6587	515
6588	513
6589	511
6590	509
6591	508
6592	508
6593	508
6594	509
6595	510
6596	511
6597	513
6598	515
6599	517
6600	520
6601	523
6602	526
6603	529
6604	532
6605	535
6606	538
6607	541
6608	544
6609	547
6610	550
6611	552
6612	554
6613	556
6614	557
6615	559
6616	560
6617	561
6618	561
6619	562
6620	562
6621	562
6622	562
6623	561
6624	561
6625	560
6626	560
6627	559
6628	558
6629	556
6630	555
6631	554
6632	552
6633	551
6634	549
6635	548
6636	546
6637	544
6638	542
6639	540
6640	538
6641	536
6642	534
6643	532
6644	530
6645	528
6646	526
6647	524
6648	521
6649	519
6650	517
6651	515
6652	513
6653	511
6654	509
6655	508
6656	508
6657	508
6658	509
6659	510
6660	511
6661	513
6662	515
6663	517
6664	520
6665	523
6666	525
6667	528
6668	531
6669	535
6670	538
6671	540
6672	543
6673	546
6674	548
6675	551
6676	553
6677	554
6678	556
6679	557
6680	558
6681	559
6682	559
6683	560
6684	560
6685	560
6686	559
6687	559
6688	558
6689	558
6690	557
6691	556
6692	555
6693	554
6694	552
6695	551
6696	549
6697	548
6698	546
6699	545
6700	543
6701	541
6702	539
6703	537
6704	535
6705	533
6706	531
6707	529
6708	527
6709	525
6710	523
6711	520
6712	518
6713	516
6714	514
6715	512
6716	510
6717	508
6718	506
6719	506
6720	505
6721	506
6722	506
6723	508
6724	509
6725	511
6726	513
6727	515
6728	517
6729	520
6730	523
6731	526
6732	529
6733	532
6734	534
6735	537
6736	540
6737	542
6738	544
6739	546
6740	548
6741	550
6742	551
6743	552
6744	553
6745	554
6746	554
6747	554
6748	554
6749	554
6750	554
6751	553
6752	553
6753	552
6754	551
6755	550
6756	549
6757	547
6758	546
6759	545
6760	543
6761	542
6762	540
6763	538
6764	536
6765	535
6766	533
6767	531
6768	529
6769	527
6770	525
6771	523
6772	521
6773	519
6774	517
6775	514
6776	512
6777	510
6778	508
6779	506
6780	504
6781	502
6782	501
6783	500
6784	500
6785	500
6786	501
6787	502
6788	503
6789	505
6790	507
6791	509
6792	511
6793	514
6794	516
6795	519
6796	522
6797	525
6798	528
6799	530
6800	533
6801	535
6802	537
6803	539
6804	541
6805	542
6806	543
6807	544
6808	545
6809	546
6810	546
6811	546
6812	546
6813	546
6814	545
6815	545
6816	544
6817	543
6818	542
6819	541
6820	540
6821	539
6822	538
6823	536
6824	535
6825	533
6826	531
6827	530
6828	528
6829	526
6830	524
6831	522
6832	521
6833	519
6834	517
6835	515
6836	513
6837	511
6838	509
6839	506
6840	504
6841	502
6842	500
6843	498
6844	496
6845	494
6846	493
6847	493
6848	492
6849	493
6850	493
6851	494
6852	496
6853	497
6854	499
6855	501
6856	504
6857	506
6858	509
6859	512
6860	515
6861	517
6862	520
6863	522
6864	525
6865	527
6866	529
6867	531
6868	533
6869	534
6870	535
6871	536
6872	537
6873	537
6874	537
6875	538
6876	537
6877	537
6878	537
6879	536
6880	535
6881	535
6882	534
6883	533
6884	532
6885	530
6886	529
6887	528
6888	526
6889	525
6890	523
6891	521
6892	520
6893	518
6894	516
6895	514
6896	512
6897	510
6898	508
6899	506
6900	504
6901	502
6902	500
6903	498
6904	496
6905	494
6906	492
6907	490
6908	488
6909	487
6910	485
6911	485
6912	485
6913	485
6914	486
6915	487
6916	488
6917	490
6918	492
6919	494
6920	496
6921	499
6922	502
6923	504
6924	507
6925	510
6926	512
6927	515
6928	517
6929	520
6930	522
6931	524
6932	525
6933	526
6934	528
6935	528
6936	529
6937	530
6938	530
6939	530
6940	530
6941	530
6942	529
6943	529
6944	528
6945	527
6946	526
6947	525
6948	524
6949	523
6950	522
6951	520
6952	519
6953	517
6954	516
6955	514
6956	512
6957	511
6958	509
6959	507
6960	505
6961	503
6962	501
6963	500
6964	498
6965	496
6966	494
6967	492
6968	490
6969	488
6970	486
6971	484
6972	482
6973	480
6974	479
6975	479
6976	479
6977	479
6978	480
6979	481
6980	482
6981	484
6982	486
6983	488
6984	491
6985	493
6986	496
6987	499
6988	502
6989	504
6990	507
6991	510
6992	512
6993	514
6994	516
6995	518
6996	520
6997	521
6998	522
6999	523
7000	524
7001	524
7002	525
7003	525
7004	525
7005	524
7006	524
7007	524
7008	523
7009	522
7010	521
7011	520
7012	519
7013	518
7014	517
7015	515
7016	514
7017	512
7018	511
7019	509
7020	507
7021	506
7022	504
7023	502
7024	500
7025	498
7026	497
7027	495
7028	493
7029	491
7030	489
7031	487
7032	485
7033	483
7034	481
7035	479
7036	477
7037	475
7038	475
7039	474
7040	474
7041	475
7042	476
7043	477
7044	479
7045	481
7046	483
7047	485
7048	487
7049	490
7050	493
7051	496
7052	499
7053	502
7054	504
7055	507
7056	510
7057	512
7058	514
7059	516
7060	518
7061	519
7062	520
7063	521
7064	522
7065	523
7066	523
7067	523
7068	523
7069	523
7070	522
7071	522
7072	521
7073	520
7074	520
7075	519
7076	517
7077	516
7078	515
7079	514
7080	512
7081	511
7082	509
7083	507
7084	506
7085	504
7086	502
7087	501
7088	499
7089	497
7090	495
7091	493
7092	491
7093	489
7094	487
7095	485
7096	483
7097	481
7098	479
7099	477
7100	475
7101	474
7102	473
7103	473
7104	473
7105	474
7106	475
7107	476
7108	478
7109	480
7110	482
7111	484
7112	487
7113	490
7114	493
7115	496
7116	499
7117	502
7118	505
7119	508
7120	510
7121	513
7122	515
7123	517
7124	519
7125	520
7126	522
7127	523
7128	523
7129	524
7130	524
7131	525
7132	525
7133	524
7134	524
7135	524
7136	523
7137	522
7138	521
7139	520
7140	519
7141	518
7142	517
7143	515
7144	514
7145	512
7146	511
7147	509
7148	507
7149	506
7150	504
7151	502
7152	500
7153	498
7154	496
7155	494
7156	492
7157	490
7158	488
7159	486
7160	484
7161	482
7162	480
7163	478
7164	476
7165	475
7166	474
7167	474
7168	474
7169	475
7170	476
7171	478
7172	480
7173	482
7174	484
7175	487
7176	490
7177	493
7178	496
7179	499
7180	503
7181	506
7182	509
7183	512
7184	514
7185	517
7186	519
7187	522
7188	523
7189	525
7190	526
7191	527
7192	528
7193	529
7194	529
7195	529
7196	529
7197	529
7198	529
7199	529
7200	528
7201	527
7202	526
7203	525
7204	524
7205	523
7206	522
7207	520
7208	519
7209	517
7210	516
7211	514
7212	512
7213	510
7214	508
7215	507
7216	505
7217	503
7218	501
7219	499
7220	497
7221	495
7222	492
7223	490
7224	488
7225	486
7226	484
7227	482
7228	480
7229	479
7230	478
7231	478
7232	479
7233	480
7234	481
7235	483
7236	485
7237	487
7238	490
7239	492
7240	495
7241	499
7242	502
7243	505
7244	509
7245	512
7246	515
7247	518
7248	521
7249	524
7250	526
7251	528
7252	530
7253	532
7254	533
7255	534
7256	535
7257	536
7258	536
7259	536
7260	536
7261	536
7262	536
7263	535
7264	534
7265	534
7266	533
7267	532
7268	531
7269	529
7270	528
7271	526
7272	525
7273	523
7274	521
7275	520
7276	518
7277	516
7278	514
7279	512
7280	510
7281	508
7282	506
7283	504
7284	502
7285	500
7286	497
7287	495
7288	493
7289	491
7290	489
7291	486
7292	485
7293	483
7294	483
7295	483
7296	484
7297	485
7298	486
7299	488
7300	490
7301	493
7302	495
7303	498
7304	501
7305	505
7306	508
7307	512
7308	515
7309	518
7310	521
7311	524
7312	527
7313	530
7314	533
7315	535
7316	537
7317	538
7318	539
7319	541
7320	541
7321	542
7322	542
7323	543
7324	543
7325	542
7326	542
7327	542
7328	541
7329	540
7330	539
7331	538
7332	537
7333	535
7334	534
7335	532
7336	531
7337	529
7338	527
7339	525
7340	524
7341	522
7342	520
7343	518
7344	515
7345	513
7346	511
7347	509
7348	507
7349	504
7350	502
7351	500
7352	498
7353	495
7354	493
7355	491
7356	489
7357	488
7358	487
7359	487
7360	488
7361	489
7362	491
7363	492
7364	495
7365	497
7366	500
7367	503
7368	506
7369	509
7370	513
7371	516
7372	520
7373	523
7374	526
7375	529
7376	532
7377	535
7378	537
7379	539
7380	541
7381	543
7382	544
7383	545
7384	546
7385	546
7386	547
7387	547
7388	547
7389	547
7390	546
7391	546
7392	545
7393	544
7394	543
7395	542
7396	540
7397	539
7398	537
7399	536
7400	534
7401	532
7402	531
7403	529
7404	527
7405	525
7406	523
7407	520
7408	518
7409	516
7410	514
7411	511
7412	509
7413	507
7414	505
7415	502
7416	500
7417	497
7418	495
7419	493
7420	491
7421	490
7422	489
7423	489
7424	490
7425	491
7426	492
7427	494
7428	496
7429	499
7430	501
7431	504
7432	507
7433	511
7434	514
7435	517
7436	521
7437	524
7438	527
7439	530
7440	533
7441	536
7442	538
7443	540
7444	542
7445	543
7446	544
7447	545
7448	546
7449	547
7450	547
7451	547
7452	547
7453	546
7454	546
7455	545
7456	544
7457	543
7458	542
7459	541
7460	540
7461	538
7462	537
7463	535
7464	533
7465	531
7466	529
7467	527
7468	525
7469	523
7470	521
7471	519
7472	517
7473	514
7474	512
7475	510
7476	507
7477	505
7478	503
7479	500
7480	498
7481	495
7482	493
7483	491
7484	489
7485	488
7486	487
7487	487
7488	488
7489	489
7490	490
7491	492
7492	494
7493	496
7494	498
7495	501
7496	504
7497	507
7498	511
7499	514
7500	517
7501	520
7502	523
7503	526
7504	528
7505	531
7506	533
7507	535
7508	536
7509	538
7510	539
7511	540
7512	540
7513	541
7514	541
7515	541
7516	540
7517	540
7518	539
7519	538
7520	537
7521	536
7522	535
7523	534
7524	532
7525	531
7526	529
7527	527
7528	526
7529	524
7530	522
7531	520
7532	518
7533	515
7534	513
7535	511
7536	509
7537	506
7538	504
7539	502
7540	499
7541	497
7542	495
7543	492
7544	490
7545	487
7546	485
7547	482
7548	481
7549	479
7550	479
7551	479
7552	479
7553	480
7554	481
7555	483
7556	484
7557	487
7558	489
7559	491
7560	494
7561	497
7562	500
7563	503
7564	506
7565	509
7566	511
7567	514
7568	516
7569	518
7570	520
7571	522
7572	523
7573	524
7574	525
7575	526
7576	526
7577	526
7578	526
7579	526
7580	525
7581	525
7582	524
7583	523
7584	522
7585	521
7586	519
7587	518
7588	516
7589	515
7590	513
7591	511
7592	509
7593	508
7594	506
7595	504
7596	501
7597	499
7598	497
7599	495
7600	493
7601	490
7602	488
7603	486
7604	484
7605	481
7606	479
7607	476
7608	474
7609	472
7610	469
7611	467
7612	465
7613	464
7614	464
7615	463
7616	464
7617	464
7618	465
7619	466
7620	468
7621	470
7622	472
7623	474
7624	476
7625	479
7626	481
7627	484
7628	487
7629	489
7630	491
7631	493
7632	496
7633	497
7634	499
7635	500
7636	501
7637	502
7638	502
7639	503
7640	503
7641	503
7642	502
7643	502
7644	501
7645	501
7646	500
7647	499
7648	498
7649	496
7650	495
7651	494
7652	492
7653	490
7654	489
7655	487
7656	485
7657	483
7658	481
7659	479
7660	477
7661	475
7662	473
7663	471
7664	469
7665	467
7666	465
7667	462
7668	460
7669	458
7670	456
7671	454
7672	451
7673	449
7674	447
7675	445
7676	443
7677	442
7678	441
7679	441
7680	441
7681	442
7682	442
7683	443
7684	445
7685	446
7686	448
7687	450
7688	452
7689	454
7690	456
7691	458
7692	460
7693	462
7694	464
7695	466
7696	468
7697	469
7698	471
7699	471
7700	472
7701	473
7702	473
7703	473
7704	473
7705	473
7706	472
7707	472
7708	471
7709	470
7710	470
7711	468
7712	467
7713	466
7714	465
7715	463
7716	462
7717	460
7718	459
7719	457
7720	455
7721	454
7722	452
7723	450
7724	448
7725	446
7726	444
7727	442
7728	440
7729	438
7730	436
7731	434
7732	432
7733	430
7734	428
7735	426
7736	424
7737	422
7738	420
7739	418
7740	417
7741	416
7742	415
7743	415
7744	415
7745	415
7746	416
7747	417
7748	418
7749	419
7750	421
7751	422
7752	424
7753	426
7754	428
7755	430
7756	432
7757	433
7758	435
7759	437
7760	438
7761	439
7762	440
7763	441
7764	441
7765	442
7766	442
7767	442
7768	442
7769	442
7770	441
7771	441
7772	440
7773	439
7774	438
7775	437
7776	436
7777	435
7778	434
7779	432
7780	431
7781	430
7782	428
7783	427
7784	425
7785	423
7786	422
7787	420
7788	418
7789	417
7790	415
7791	413
7792	412
7793	410
7794	408
7795	406
7796	404
7797	403
7798	401
7799	399
7800	397
7801	395
7802	394
7803	392
7804	391
7805	390
7806	390
7807	390
7808	390
7809	390
7810	391
7811	392
7812	393
7813	394
7814	395
7815	397
7816	398
7817	400
7818	402
7819	404
7820	405
7821	407
7822	408
7823	410
7824	411
7825	412
7826	413
7827	414
7828	414
7829	414
7830	414
7831	414
7832	414
7833	414
7834	414
7835	413
7836	412
7837	412
7838	411
7839	410
7840	409
7841	408
7842	407
7843	406
7844	405
7845	403
7846	402
7847	401
7848	399
7849	398
7850	396
7851	395
7852	393
7853	392
7854	390
7855	389
7856	387
7857	386
7858	384
7859	383
7860	381
7861	379
7862	378
7863	376
7864	375
7865	373
7866	372
7867	370
7868	369
7869	369
7870	368
7871	368
7872	369
7873	369
7874	370
7875	371
7876	372
7877	373
7878	374
7879	376
7880	378
7881	379
7882	381
7883	383
7884	384
7885	386
7886	387
7887	389
7888	390
7889	391
7890	392
7891	393
7892	393
7893	393
7894	394
7895	394
7896	394
7897	393
7898	393
7899	393
7900	392
7901	392
7902	391
7903	390
7904	389
7905	388
7906	387
7907	386
7908	385
7909	384
7910	383
7911	382
7912	381
7913	379
7914	378
7915	377
7916	376
7917	374
7918	373
7919	372
7920	370
7921	369
7922	367
7923	366
7924	365
7925	363
7926	362
7927	360
7928	359
7929	358
7930	356
7931	355
7932	354
7933	354
7934	354
7935	354
7936	354
7937	355
7938	356
7939	357
7940	358
7941	359
7942	361
7943	362
7944	364
7945	366
7946	368
7947	370
7948	371
7949	373
7950	375
7951	376
7952	377
7953	378
7954	379
7955	380
7956	381
7957	381
7958	381
7959	382
7960	382
7961	382
7962	381
7963	381
7964	381
7965	380
7966	380
7967	379
7968	378
7969	377
7970	377
7971	376
7972	375
7973	374
7974	373
7975	372
7976	371
7977	369
7978	368
7979	367
7980	366
7981	365
7982	364
7983	362
7984	361
7985	360
7986	359
7987	357
7988	356
7989	355
7990	353
7991	352
7992	351
7993	350
7994	348
7995	347
7996	347
7997	346
7998	346
7999	347
8000	347
8001	348
8002	349
8003	350
8004	352
8005	353
8006	355
8007	357
8008	358
8009	360
8010	362
8011	364
8012	366
8013	368
8014	370
8015	371
8016	373
8017	374
8018	375
8019	376
8020	377
8021	377
8022	378
8023	378
8024	378
8025	378
8026	378
8027	378
8028	377
8029	377
8030	376
8031	376
8032	375
8033	375
8034	374
8035	373
8036	372
8037	371
8038	370
8039	369
8040	368
8041	367
8042	366
8043	365
8044	364
8045	363
8046	362
8047	360
8048	359
8049	358
8050	357
8051	355
8052	354
8053	353
8054	352
8055	351
8056	349
8057	348
8058	347
8059	346
8060	345
8061	345
8062	345
8063	346
8064	347
8065	348
8066	349
8067	350
8068	352
8069	353
8070	355
8071	357
8072	359
8073	362
8074	364
8075	366
8076	368
8077	370
8078	372
8079	374
8080	375
8081	377
8082	378
8083	379
8084	380
8085	380
8086	381
8087	381
8088	381
8089	382
8090	381
8091	381
8092	381
8093	381
8094	380
8095	380
8096	379
8097	379
8098	378
8099	377
8100	376
8101	375
8102	374
8103	373
8104	372
8105	371
8106	370
8107	369
8108	368
8109	367
8110	366
8111	365
8112	363
8113	362
8114	361
8115	360
8116	358
8117	357
8118	356
8119	355
8120	353
8121	352
8122	351
8123	350
8124	350
8125	350
8126	350
8127	351
8128	352
8129	353
8130	354
8131	356
8132	358
8133	360
8134	362
8135	364
8136	366
8137	369
8138	371
8139	374
8140	376
8141	378
8142	381
8143	383
8144	384
8145	386
8146	387
8147	389
8148	390
8149	390
8150	391
8151	391
8152	392
8153	392
8154	392
8155	392
8156	392
8157	391
8158	391
8159	390
8160	390
8161	389
8162	388
8163	388
8164	387
8165	386
8166	385
8167	384
8168	383
8169	382
8170	381
8171	380
8172	378
8173	377
8174	376
8175	375
8176	373
8177	372
8178	371
8179	370
8180	368
8181	367
8182	366
8183	364
8184	363
8185	362
8186	360
8187	360
8188	359
8189	359
8190	360
8191	361
