,Da 0,Da 32,Da 64,Da 96,Da 128,Da 160,Da 192,Da 224,Da 255
Verso 0,0.00,9.66,8.20,8.15,8.06,6.27,6.55,6.69,7.07
Verso 32,14.18,0.00,13.71,11.97,11.21,9.42,9.14,9.28,9.42
Verso 64,20.77,19.83,0.00,16.11,14.89,12.95,12.20,12.06,12.06
Verso 96,21.34,21.01,19.83,0.00,16.63,15.40,14.09,13.66,14.04
Verso 128,19.97,20.07,19.50,18.84,0.00,14.65,14.79,14.23,15.12
Verso 160,16.91,17.05,16.53,15.83,14.37,0.00,14.27,14.46,14.70
Verso 192,15.12,14.74,14.51,13.71,12.77,12.15,0.00,13.19,14.18
Verso 224,12.11,11.82,11.59,11.07,10.60,10.50,10.13,0.00,12.67
Verso 255,8.48,8.24,8.10,7.87,7.68,7.58,8.01,8.20,0.00
