0.001	622.436259519142
0.002	675.392599358596
0.003	700.240720734432
0.004	685.173349899998
0.005	633.917953098334
0.006	559.154430721577
0.007	479.378279358518
0.008	414.325053039996
0.009	380.088050840403
0.01	385.137049694567
0.011	428.222994741034
0.012	498.686998807314
0.013	579.097208692685
0.014	649.561212758965
0.015	692.647157805432
0.016	697.696156659596
0.017	663.459154460003
0.018	598.405928141481
0.019	518.629776778422
0.02	443.866254401665
0.021	392.610857600002
0.022	377.543486765568
0.023	402.391608141403
0.024	461.00812847221
0.025	538.892103749999
0.026	616.77607902779
0.027	675.392599358596
0.028	700.240720734431
0.029	685.173349899997
0.03	633.917953098334
0.031	559.154430721577
0.032	479.378279358518
0.033	414.325053039996
0.034	380.088050840403
0.035	385.137049694567
0.036	428.222994741034
0.037	498.686998807314
0.038	579.097208692685
0.039	649.561212758965
0.04	692.647157805432
0.041	697.696156659596
0.042	663.459154460003
0.043	598.405928141481
0.044	518.629776778423
0.045	443.866254401665
0.046	392.610857600002
0.047	377.543486765568
0.048	402.391608141403
0.049	461.00812847221
0.05	538.892103749999
0.051	616.77607902779
0.052	675.392599358596
0.053	700.240720734431
0.054	685.173349899997
0.055	633.917953098334
0.056	559.154430721576
0.057	479.378279358518
0.058	414.325053039996
0.059	380.088050840403
0.06	385.137049694567
0.061	428.222994741034
0.062	498.686998807314
0.063	579.097208692685
0.064	649.561212758965
0.065	692.647157805432
0.066	697.696156659596
0.067	663.459154460003
0.068	598.405928141481
0.069	518.629776778422
0.07	443.866254401665
0.071	392.610857600002
0.072	377.543486765568
0.073	402.391608141403
0.074	461.008128472211
0.075	538.892103749999
0.076	616.776079027788
0.077	675.392599358596
0.078	700.240720734431
0.079	685.173349899997
0.08	633.917953098334
0.081	559.154430721577
0.082	479.378279358518
0.083	414.325053039995
0.084	380.088050840403
0.085	385.137049694567
0.086	428.222994741034
0.087	498.686998807313
0.088	579.097208692684
0.089	649.561212758964
0.09	692.647157805432
0.091	697.696156659596
0.092	663.459154460004
0.093	598.405928141483
0.094	518.629776778423
0.095	443.866254401665
0.096	392.610857600002
0.097	377.543486765568
0.098	402.391608141403
0.099	461.008128472211
0.1	538.892103749999
0.101	616.776079027788
0.102	675.392599358596
0.103	700.240720734431
0.104	685.173349899997
0.105	633.917953098335
0.106	559.154430721577
0.107	479.378279358518
0.108	414.325053039995
0.109	380.088050840403
0.11	385.137049694567
0.111	428.222994741035
0.112	498.686998807315
0.113	579.097208692686
0.114	649.561212758965
0.115	692.647157805432
0.116	697.696156659596
0.117	663.459154460003
0.118	598.405928141483
0.119	518.629776778423
0.12	443.866254401665
0.121	392.610857600002
0.122	377.543486765568
0.123	402.391608141403
0.124	461.008128472211
0.125	538.892103749999
0.126	616.776079027788
0.127	675.392599358596
0.128	700.240720734431
0.129	685.173349899997
0.13	633.917953098335
0.131	559.154430721578
0.132	479.378279358517
0.133	414.325053039995
0.134	380.088050840403
0.135	385.137049694567
0.136	428.222994741035
0.137	498.686998807315
0.138	579.097208692686
0.139	649.561212758965
0.14	692.647157805432
0.141	697.696156659596
0.142	663.459154460004
0.143	598.405928141484
0.144	518.629776778422
0.145	443.866254401665
0.146	392.610857600002
0.147	377.543486765568
0.148	402.391608141404
0.149	461.008128472211
0.15	538.892103749999
0.151	616.776079027788
0.152	675.392599358595
0.153	700.240720734431
0.154	685.173349899997
0.155	633.917953098335
0.156	559.154430721578
0.157	479.378279358517
0.158	414.325053039995
0.159	380.088050840403
0.16	385.137049694567
0.161	428.222994741035
0.162	498.686998807315
0.163	579.097208692686
0.164	649.561212758965
0.165	692.647157805432
0.166	697.696156659596
0.167	663.459154460003
0.168	598.405928141481
0.169	518.629776778422
0.17	443.866254401663
0.171	392.610857600001
0.172	377.543486765568
0.173	402.391608141404
0.174	461.008128472207
0.175	538.892103749999
0.176	616.776079027786
0.177	675.392599358595
0.178	700.240720734431
0.179	685.173349899997
0.18	633.917953098337
0.181	559.154430721578
0.182	479.378279358519
0.183	414.325053039996
0.184	380.088050840404
0.185	385.137049694567
0.186	428.222994741034
0.187	498.686998807315
0.188	579.097208692683
0.189	649.561212758965
0.19	692.647157805432
0.191	697.696156659596
0.192	663.459154460004
0.193	598.405928141481
0.194	518.629776778422
0.195	443.866254401664
0.196	392.610857600002
0.197	377.543486765568
0.198	402.391608141404
0.199	461.008128472212
0.2	533.576191083067
0.201	592.707034901424
0.202	617.179167374251
0.203	601.87535472814
0.204	551.121876441726
0.205	475.650209983264
0.206	390.095040332904
0.207	309.911072157801
0.208	247.906499365012
0.209	210.233604388198
0.21	196.702418096569
0.211	201.732676866669
0.212	216.481730082653
0.213	231.450248726418
0.214	238.852304480756
0.215	234.203928249075
0.216	219.48992033
0.217	198.908676122568
0.218	175.139495052179
0.219	149.9761299696
0.22	127.433510185133
0.221	112.177429143471
0.222	107.613345396362
0.223	114.695945313465
0.224	131.403742082341
0.225	153.60345
0.226	175.80315791766
0.227	192.510954686535
0.228	199.593554603639
0.229	195.298817073634
0.23	180.689202783373
0.231	159.37893512254
0.232	136.639889603378
0.233	118.097402291686
0.234	108.338636819117
0.235	109.777781385625
0.236	122.058810852551
0.237	142.14356260541
0.238	165.063337394589
0.239	185.148089147448
0.24	197.429118614375
0.241	198.868263180883
0.242	189.109497708315
0.243	170.567010396623
0.244	147.82796487746
0.245	126.517697216626
0.246	111.908082926366
0.247	107.613345396361
0.248	114.695945313465
0.249	131.403742082341
0.25	153.60345
0.251	175.803157917659
0.252	192.510954686535
0.253	199.593554603639
0.254	195.298817073634
0.255	180.689202783374
0.256	159.37893512254
0.257	136.639889603378
0.258	118.097402291686
0.259	108.338636819117
0.26	109.777781385625
0.261	122.058810852552
0.262	142.14356260541
0.263	165.063337394589
0.264	185.148089147449
0.265	197.429118614375
0.266	198.868263180883
0.267	189.109497708314
0.268	170.567010396622
0.269	147.827964877459
0.27	126.517697216627
0.271	111.908082926366
0.272	107.613345396362
0.273	114.695945313465
0.274	131.403742082341
0.275	153.603449999999
0.276	175.80315791766
0.277	192.510954686537
0.278	199.593554603639
0.279	195.298817073634
0.28	180.689202783374
0.281	159.378935122539
0.282	136.639889603378
0.283	118.097402291686
0.284	108.338636819117
0.285	109.777781385625
0.286	122.05881085255
0.287	142.143562605409
0.288	165.06333739459
0.289	185.148089147448
0.29	197.429118614375
0.291	198.868263180883
0.292	189.109497708315
0.293	170.567010396623
0.294	147.827964877461
0.295	126.517697216627
0.296	111.908082926366
0.297	107.613345396361
0.298	114.695945313465
0.299	131.403742082339
0.3	153.60345
0.301	175.803157917659
0.302	192.510954686535
0.303	199.593554603638
0.304	195.298817073634
0.305	180.689202783374
0.306	159.37893512254
0.307	136.639889603379
0.308	118.097402291686
0.309	108.338636819117
0.31	109.777781385625
0.311	122.058810852551
0.312	142.14356260541
0.313	165.063337394589
0.314	185.148089147449
0.315	197.429118614375
0.316	198.868263180883
0.317	189.109497708314
0.318	170.567010396622
0.319	147.82796487746
0.32	126.517697216627
0.321	111.908082926366
0.322	107.613345396362
0.323	114.695945313464
0.324	131.403742082341
0.325	153.60345
0.326	175.80315791766
0.327	192.510954686535
0.328	199.593554603639
0.329	195.298817073634
0.33	180.689202783374
0.331	159.378935122541
0.332	136.639889603377
0.333	118.097402291686
0.334	108.338636819117
0.335	109.777781385625
0.336	122.058810852551
0.337	142.14356260541
0.338	165.06333739459
0.339	185.148089147449
0.34	197.429118614375
0.341	198.868263180883
0.342	189.109497708314
0.343	170.567010396622
0.344	147.827964877461
0.345	126.517697216627
0.346	111.908082926366
0.347	107.613345396361
0.348	114.695945313464
0.349	131.403742082339
0.35	153.60345
0.351	175.803157917659
0.352	192.510954686534
0.353	199.593554603638
0.354	195.298817073634
0.355	180.689202783374
0.356	159.378935122541
0.357	136.639889603379
0.358	118.097402291686
0.359	108.338636819117
0.36	109.777781385624
0.361	122.058810852551
0.362	142.14356260541
0.363	165.063337394589
0.364	185.148089147448
0.365	197.429118614375
0.366	198.868263180883
0.367	189.109497708314
0.368	170.567010396624
0.369	147.82796487746
0.37	126.517697216627
0.371	111.908082926366
0.372	107.613345396361
0.373	114.695945313464
0.374	131.403742082341
0.375	153.603449999999
0.376	175.803157917659
0.377	192.510954686535
0.378	199.593554603638
0.379	195.298817073634
0.38	180.689202783374
0.381	159.378935122541
0.382	136.639889603377
0.383	118.097402291686
0.384	108.338636819117
0.385	109.777781385625
0.386	122.058810852551
0.387	142.14356260541
0.388	165.06333739459
0.389	185.148089147449
0.39	197.429118614375
0.391	198.868263180883
0.392	189.109497708315
0.393	170.567010396622
0.394	147.82796487746
0.395	126.517697216626
0.396	111.908082926366
0.397	107.613345396362
0.398	114.695945313465
0.399	131.40374208234
0.4	153.60345
0.401	175.803157917659
0.402	192.510954686537
0.403	199.593554603639
0.404	195.298817073634
0.405	180.689202783372
0.406	159.37893512254
0.407	136.639889603379
0.408	118.097402291686
0.409	108.338636819117
0.41	109.777781385624
0.411	122.05881085255
0.412	142.14356260541
0.413	165.063337394589
0.414	185.148089147448
0.415	197.429118614375
0.416	198.868263180883
0.417	189.109497708314
0.418	170.567010396624
0.419	147.827964877461
0.42	126.517697216627
0.421	111.908082926366
0.422	107.613345396361
0.423	114.695945313464
0.424	131.403742082341
0.425	153.60345
0.426	175.803157917659
0.427	192.510954686535
0.428	199.593554603638
0.429	195.298817073634
0.43	180.689202783374
0.431	159.378935122542
0.432	136.639889603377
0.433	118.097402291686
0.434	108.338636819117
0.435	109.777781385625
0.436	122.058810852551
0.437	142.14356260541
0.438	165.06333739459
0.439	185.148089147448
0.44	197.429118614375
0.441	198.868263180883
0.442	189.109497708315
0.443	170.567010396623
0.444	147.82796487746
0.445	126.517697216626
0.446	111.908082926366
0.447	107.613345396361
0.448	114.695945313465
0.449	131.40374208234
0.45	153.60345
0.451	175.803157917659
0.452	192.510954686537
0.453	199.593554603639
0.454	195.298817073634
0.455	180.689202783374
0.456	159.37893512254
0.457	136.639889603378
0.458	118.097402291686
0.459	108.338636819117
0.46	109.777781385625
0.461	122.058810852552
0.462	142.143562605409
0.463	165.063337394589
0.464	185.148089147449
0.465	197.429118614375
0.466	198.868263180883
0.467	189.109497708314
0.468	170.567010396621
0.469	147.827964877461
0.47	126.517697216628
0.471	111.908082926366
0.472	107.613345396361
0.473	114.695945313464
0.474	131.403742082341
0.475	153.603449999999
0.476	175.803157917659
0.477	192.510954686535
0.478	199.593554603638
0.479	195.298817073634
0.48	180.689202783374
0.481	159.378935122542
0.482	136.639889603377
0.483	118.097402291686
0.484	108.338636819117
0.485	109.777781385624
0.486	122.05881085255
0.487	142.14356260541
0.488	165.06333739459
0.489	185.148089147448
0.49	197.429118614375
0.491	198.868263180883
0.492	189.109497708315
0.493	170.567010396623
0.494	147.827964877461
0.495	126.517697216626
0.496	111.908082926366
0.497	107.613345396361
0.498	114.695945313465
0.499	131.40374208234
0.5	153.60345
